#Layer_Color=9474304
#
#Feature symbol names
#
$0 r6.6666
$1 r5

#
#Feature attribute names
#

#
#Layer features
#
A 0.05937 0.2755834 0.05937 0.2755834 0.03937 0.2755834 0 P 0 N
A 0.05937 0.3149534 0.05937 0.3149534 0.03937 0.3149534 0 P 0 N
A 0.05937 0.3543234 0.05937 0.3543234 0.03937 0.3543234 0 P 0 N
A 0.05937 0.3936934 0.05937 0.3936934 0.03937 0.3936934 0 P 0 N
A 0.05937 0.4330634 0.05937 0.4330634 0.03937 0.4330634 0 P 0 N
A 0.05937 0.4724334 0.05937 0.4724334 0.03937 0.4724334 0 P 0 N
A 0.05937 0.5118034 0.05937 0.5118034 0.03937 0.5118034 0 P 0 N
A 0.05937 0.5511734 0.05937 0.5511734 0.03937 0.5511734 0 P 0 N
A 0.05937 0.5905434 0.05937 0.5905434 0.03937 0.5905434 0 P 0 N
A 0.05937 0.6299134 0.05937 0.6299134 0.03937 0.6299134 0 P 0 N
A 0.05937 0.6692834 0.05937 0.6692834 0.03937 0.6692834 0 P 0 N
A 0.05937 0.7086534 0.05937 0.7086534 0.03937 0.7086534 0 P 0 N
A 0.05937 0.7480234 0.05937 0.7480234 0.03937 0.7480234 0 P 0 N
A 0.05937 0.7873934 0.05937 0.7873934 0.03937 0.7873934 0 P 0 N
A 0.05937 0.8267634 0.05937 0.8267634 0.03937 0.8267634 0 P 0 N
A 0.05937 0.8661334 0.05937 0.8661334 0.03937 0.8661334 0 P 0 N
A 0.05937 0.9055034 0.05937 0.9055034 0.03937 0.9055034 0 P 0 N
A 0.05937 0.9448734 0.05937 0.9448734 0.03937 0.9448734 0 P 0 N
A 0.05937 0.9842434 0.05937 0.9842434 0.03937 0.9842434 0 P 0 N
A 0.05937 1.0236134 0.05937 1.0236134 0.03937 1.0236134 0 P 0 N
A 0.05937 1.0629834 0.05937 1.0629834 0.03937 1.0629834 0 P 0 N
A 0.05937 1.1023534 0.05937 1.1023534 0.03937 1.1023534 0 P 0 N
A 0.05937 1.1417234 0.05937 1.1417234 0.03937 1.1417234 0 P 0 N
A 0.05937 1.1810934 0.05937 1.1810934 0.03937 1.1810934 0 P 0 N
A 0.05937 1.2204634 0.05937 1.2204634 0.03937 1.2204634 0 P 0 N
A 0.05937 1.2598334 0.05937 1.2598334 0.03937 1.2598334 0 P 0 N
A 0.05937 1.2992034 0.05937 1.2992034 0.03937 1.2992034 0 P 0 N
A 0.05937 1.3385734 0.05937 1.3385734 0.03937 1.3385734 0 P 0 N
A 0.05937 1.3779434 0.05937 1.3779434 0.03937 1.3779434 0 P 0 N
A 0.05937 1.4173134 0.05937 1.4173134 0.03937 1.4173134 0 P 0 N
A 0.05937 1.4566834 0.05937 1.4566834 0.03937 1.4566834 0 P 0 N
A 0.05937 1.4960534 0.05937 1.4960534 0.03937 1.4960534 0 P 0 N
A 0.05937 1.5354234 0.05937 1.5354234 0.03937 1.5354234 0 P 0 N
A 0.0692126 1.5748031 0.0692126 1.5748031 0.0492126 1.5748031 0 P 0 N
A 0.0987402 1.6043307 0.0987402 1.6043307 0.0787402 1.6043307 0 P 0 N
A 0.7286614 1.6043307 0.7286614 1.6043307 0.7086614 1.6043307 0 P 0 N
A 0.7562205 1.5748031 0.7562205 1.5748031 0.7362205 1.5748031 0 P 0 N
A 0.7680314 0.2716464 0.7680314 0.2716464 0.7480314 0.2716464 0 P 0 N
A 0.7680314 0.3110164 0.7680314 0.3110164 0.7480314 0.3110164 0 P 0 N
A 0.7680314 0.3503864 0.7680314 0.3503864 0.7480314 0.3503864 0 P 0 N
A 0.7680314 0.3897564 0.7680314 0.3897564 0.7480314 0.3897564 0 P 0 N
A 0.7680314 0.4291264 0.7680314 0.4291264 0.7480314 0.4291264 0 P 0 N
A 0.7680314 0.4684964 0.7680314 0.4684964 0.7480314 0.4684964 0 P 0 N
A 0.7680314 0.5078664 0.7680314 0.5078664 0.7480314 0.5078664 0 P 0 N
A 0.7680314 0.5472364 0.7680314 0.5472364 0.7480314 0.5472364 0 P 0 N
A 0.7680314 0.5866064 0.7680314 0.5866064 0.7480314 0.5866064 0 P 0 N
A 0.7680314 0.6259764 0.7680314 0.6259764 0.7480314 0.6259764 0 P 0 N
A 0.7680314 0.6653464 0.7680314 0.6653464 0.7480314 0.6653464 0 P 0 N
A 0.7680314 0.7047164 0.7680314 0.7047164 0.7480314 0.7047164 0 P 0 N
A 0.7680314 0.7440864 0.7680314 0.7440864 0.7480314 0.7440864 0 P 0 N
A 0.7680314 0.7834564 0.7680314 0.7834564 0.7480314 0.7834564 0 P 0 N
A 0.7680314 0.8228264 0.7680314 0.8228264 0.7480314 0.8228264 0 P 0 N
A 0.7680314 0.8621964 0.7680314 0.8621964 0.7480314 0.8621964 0 P 0 N
A 0.7680314 0.9015664 0.7680314 0.9015664 0.7480314 0.9015664 0 P 0 N
A 0.7680314 0.9409364 0.7680314 0.9409364 0.7480314 0.9409364 0 P 0 N
A 0.7680314 0.9803064 0.7680314 0.9803064 0.7480314 0.9803064 0 P 0 N
A 0.7680314 1.0196764 0.7680314 1.0196764 0.7480314 1.0196764 0 P 0 N
A 0.7680314 1.0590464 0.7680314 1.0590464 0.7480314 1.0590464 0 P 0 N
A 0.7680314 1.0984164 0.7680314 1.0984164 0.7480314 1.0984164 0 P 0 N
A 0.7680314 1.1377864 0.7680314 1.1377864 0.7480314 1.1377864 0 P 0 N
A 0.7680314 1.1771564 0.7680314 1.1771564 0.7480314 1.1771564 0 P 0 N
A 0.7680314 1.2165264 0.7680314 1.2165264 0.7480314 1.2165264 0 P 0 N
A 0.7680314 1.2558964 0.7680314 1.2558964 0.7480314 1.2558964 0 P 0 N
A 0.7680314 1.2952664 0.7680314 1.2952664 0.7480314 1.2952664 0 P 0 N
A 0.7680314 1.3346364 0.7680314 1.3346364 0.7480314 1.3346364 0 P 0 N
A 0.7680314 1.3740064 0.7680314 1.3740064 0.7480314 1.3740064 0 P 0 N
A 0.7680314 1.4133764 0.7680314 1.4133764 0.7480314 1.4133764 0 P 0 N
A 0.7680314 1.4527464 0.7680314 1.4527464 0.7480314 1.4527464 0 P 0 N
A 0.7680314 1.4921164 0.7680314 1.4921164 0.7480314 1.4921164 0 P 0 N
A 0.7680314 1.5314864 0.7680314 1.5314864 0.7480314 1.5314864 0 P 0 N
L 0.095 0.28 0.095 0.32 1 P 0
L 0.095 0.28 0.135 0.28 1 P 0
L 0.095 0.32 0.135 0.32 1 P 0
L 0.12 0.525 0.12 0.565 1 P 0
L 0.12 0.525 0.16 0.525 1 P 0
L 0.12 0.565 0.16 0.565 1 P 0
L 0.125 0.755 0.125 0.795 1 P 0
L 0.125 0.755 0.165 0.755 1 P 0
L 0.125 0.795 0.165 0.795 1 P 0
L 0.135 0.28 0.135 0.32 1 P 0
L 0.1396457 0.1965354 0.1396457 0.2365354 1 P 0
L 0.1396457 0.1965354 0.1796457 0.1965354 1 P 0
L 0.1396457 0.2365354 0.1796457 0.2365354 1 P 0
L 0.1396457 0.3737007 0.1396457 0.4137007 1 P 0
L 0.1396457 0.3737007 0.1796457 0.3737007 1 P 0
L 0.1396457 0.4137007 0.1796457 0.4137007 1 P 0
L 0.1571653 0.9170077 0.1571653 0.9570077 1 P 0
L 0.1571653 0.9170077 0.1971653 0.9170077 1 P 0
L 0.1571653 0.9570077 0.1971653 0.9570077 1 P 0
L 0.16 0.525 0.16 0.565 1 P 0
L 0.16 0.87 0.16 0.91 1 P 0
L 0.16 0.87 0.2 0.87 1 P 0
L 0.16 0.91 0.2 0.91 1 P 0
L 0.16 1.455 0.16 1.495 1 P 0
L 0.16 1.455 0.2 1.455 1 P 0
L 0.16 1.495 0.2 1.495 1 P 0
L 0.165 0.755 0.165 0.795 1 P 0
L 0.1729134 0.8225195 0.1729134 0.8625195 1 P 0
L 0.1729134 0.8225195 0.2129134 0.8225195 1 P 0
L 0.1729134 0.8625195 0.2129134 0.8625195 1 P 0
L 0.1796457 0.1965354 0.1796457 0.2365354 1 P 0
L 0.1796457 0.3737007 0.1796457 0.4137007 1 P 0
L 0.1888583 0.1965356 0.1888583 0.2365356 1 P 0
L 0.1888583 0.1965356 0.2288583 0.1965356 1 P 0
L 0.1888583 0.2365356 0.2288583 0.2365356 1 P 0
L 0.1888583 0.3737007 0.1888583 0.4137007 1 P 0
L 0.1888583 0.3737007 0.2288583 0.3737007 1 P 0
L 0.1888583 0.4137007 0.2288583 0.4137007 1 P 0
L 0.1971653 0.9170077 0.1971653 0.9570077 1 P 0
L 0.2 0.87 0.2 0.91 1 P 0
L 0.2 1.455 0.2 1.495 1 P 0
L 0.2129134 0.8225195 0.2129134 0.8625195 1 P 0
L 0.2288583 0.1965356 0.2288583 0.2365356 1 P 0
L 0.2288583 0.3737007 0.2288583 0.4137007 1 P 0
L 0.23 1.055 0.23 1.095 1 P 0
L 0.23 1.055 0.27 1.055 1 P 0
L 0.23 1.095 0.27 1.095 1 P 0
L 0.24 0.37 0.24 0.41 1 P 0
L 0.24 0.37 0.28 0.37 1 P 0
L 0.24 0.41 0.28 0.41 1 P 0
L 0.2512441 1.483937 0.2512441 1.523937 1 P 0
L 0.2512441 1.483937 0.2912441 1.483937 1 P 0
L 0.2512441 1.523937 0.2912441 1.523937 1 P 0
L 0.2555907 0.6965355 0.2555907 0.7365355 1 P 0
L 0.2555907 0.6965355 0.2955907 0.6965355 1 P 0
L 0.2555907 0.7280315 0.2555907 0.7680315 1 P 0
L 0.2555907 0.7280315 0.2955907 0.7280315 1 P 0
L 0.2555907 0.7365355 0.2955907 0.7365355 1 P 0
L 0.2555907 0.7680315 0.2955907 0.7680315 1 P 0
L 0.2574633 0.8517428 0.2574633 0.8917428 1 P 0
L 0.2574633 0.8517428 0.2974633 0.8517428 1 P 0
L 0.2574633 0.8917428 0.2974633 0.8917428 1 P 0
L 0.26 0.255 0.26 0.295 1 P 0
L 0.26 0.255 0.3 0.255 1 P 0
L 0.26 0.295 0.3 0.295 1 P 0
L 0.2634645 1.0233071 0.2634645 1.0633071 1 P 0
L 0.2634645 1.0233071 0.3034645 1.0233071 1 P 0
L 0.2634645 1.0633071 0.3034645 1.0633071 1 P 0
L 0.2634647 0.5874802 0.2634647 0.6274802 1 P 0
L 0.2634647 0.5874802 0.3034647 0.5874802 1 P 0
L 0.2634647 0.6274802 0.3034647 0.6274802 1 P 0
L 0.27 1.055 0.27 1.095 1 P 0
L 0.28 0.37 0.28 0.41 1 P 0
L 0.29 0.74 0.29 0.78 1 P 0
L 0.29 0.74 0.33 0.74 1 P 0
L 0.29 0.78 0.33 0.78 1 P 0
L 0.2912441 1.483937 0.2912441 1.523937 1 P 0
L 0.2949605 1.0233071 0.2949605 1.0633071 1 P 0
L 0.2949605 1.0233071 0.3349605 1.0233071 1 P 0
L 0.2949605 1.0633071 0.3349605 1.0633071 1 P 0
L 0.2949607 0.5874802 0.2949607 0.6274802 1 P 0
L 0.2949607 0.5874802 0.3349607 0.5874802 1 P 0
L 0.2949607 0.6274802 0.3349607 0.6274802 1 P 0
L 0.2955907 0.6965355 0.2955907 0.7365355 1 P 0
L 0.2955907 0.7280315 0.2955907 0.7680315 1 P 0
L 0.2974633 0.8517428 0.2974633 0.8917428 1 P 0
L 0.2987009 0.8559843 0.2987009 0.8959843 1 P 0
L 0.2987009 0.8559843 0.3387009 0.8559843 1 P 0
L 0.2987009 0.8959843 0.3387009 0.8959843 1 P 0
L 0.299307 1.483937 0.299307 1.523937 1 P 0
L 0.299307 1.483937 0.339307 1.483937 1 P 0
L 0.299307 1.523937 0.339307 1.523937 1 P 0
L 0.3 0.255 0.3 0.295 1 P 0
L 0.3034645 1.0233071 0.3034645 1.0633071 1 P 0
L 0.3034647 0.5874802 0.3034647 0.6274802 1 P 0
L 0.325 0.55 0.325 0.59 1 P 0
L 0.325 0.55 0.365 0.55 1 P 0
L 0.325 0.59 0.365 0.59 1 P 0
L 0.325 0.78 0.325 0.82 1 P 0
L 0.325 0.78 0.365 0.78 1 P 0
L 0.325 0.82 0.365 0.82 1 P 0
L 0.325 1.515 0.325 1.555 1 P 0
L 0.325 1.515 0.365 1.515 1 P 0
L 0.325 1.555 0.365 1.555 1 P 0
L 0.3264566 1.0233071 0.3264566 1.0633071 1 P 0
L 0.3264566 1.0233071 0.3664566 1.0233071 1 P 0
L 0.3264566 1.0633071 0.3664566 1.0633071 1 P 0
L 0.3264568 0.5874802 0.3264568 0.6274802 1 P 0
L 0.3264568 0.5874802 0.3664568 0.5874802 1 P 0
L 0.3264568 0.6274802 0.3664568 0.6274802 1 P 0
L 0.33 0.74 0.33 0.78 1 P 0
L 0.3318405 0.3565656 0.3318405 0.3965656 1 P 0
L 0.3318405 0.3565656 0.3718405 0.3565656 1 P 0
L 0.3318405 0.3965656 0.3718405 0.3965656 1 P 0
L 0.3349605 1.0233071 0.3349605 1.0633071 1 P 0
L 0.3349607 0.5874802 0.3349607 0.6274802 1 P 0
L 0.3387009 0.8559843 0.3387009 0.8959843 1 P 0
L 0.339307 1.483937 0.339307 1.523937 1 P 0
L 0.3422045 0.4122835 0.3422045 0.4522835 1 P 0
L 0.3422045 0.4122835 0.3822045 0.4122835 1 P 0
L 0.3422045 0.4522835 0.3822045 0.4522835 1 P 0
L 0.3485196 1.483937 0.3485196 1.523937 1 P 0
L 0.3485196 1.483937 0.3885196 1.483937 1 P 0
L 0.3485196 1.523937 0.3885196 1.523937 1 P 0
L 0.3487009 0.8559843 0.3487009 0.8959843 1 P 0
L 0.3487009 0.8559843 0.3887009 0.8559843 1 P 0
L 0.3487009 0.8959843 0.3887009 0.8959843 1 P 0
L 0.3579527 1.0233071 0.3579527 1.0633071 1 P 0
L 0.3579527 1.0233071 0.3979527 1.0233071 1 P 0
L 0.3579527 1.0633071 0.3979527 1.0633071 1 P 0
L 0.3592127 1.2950001 0.3592127 1.3350001 1 P 0
L 0.3592127 1.2950001 0.3992127 1.2950001 1 P 0
L 0.3592127 1.3350001 0.3992127 1.3350001 1 P 0
L 0.365 0.55 0.365 0.59 1 P 0
L 0.365 0.78 0.365 0.82 1 P 0
L 0.365 1.515 0.365 1.555 1 P 0
L 0.3664566 1.0233071 0.3664566 1.0633071 1 P 0
L 0.3664568 0.5874802 0.3664568 0.6274802 1 P 0
L 0.3718405 0.3565656 0.3718405 0.3965656 1 P 0
L 0.375 0.025 0.375 0.065 1 P 0
L 0.375 0.025 0.415 0.025 1 P 0
L 0.375 0.065 0.415 0.065 1 P 0
L 0.375 0.17 0.375 0.21 1 P 0
L 0.375 0.17 0.415 0.17 1 P 0
L 0.375 0.21 0.415 0.21 1 P 0
L 0.3822045 0.4122835 0.3822045 0.4522835 1 P 0
L 0.3885196 1.483937 0.3885196 1.523937 1 P 0
L 0.3887009 0.8559843 0.3887009 0.8959843 1 P 0
L 0.3894487 1.0233071 0.3894487 1.0633071 1 P 0
L 0.3894487 1.0233071 0.4294487 1.0233071 1 P 0
L 0.3894487 1.0633071 0.4294487 1.0633071 1 P 0
L 0.3977322 1.483937 0.3977322 1.523937 1 P 0
L 0.3977322 1.483937 0.4377322 1.483937 1 P 0
L 0.3977322 1.523937 0.4377322 1.523937 1 P 0
L 0.3979527 1.0233071 0.3979527 1.0633071 1 P 0
L 0.3987009 0.8559843 0.3987009 0.8959843 1 P 0
L 0.3987009 0.8559843 0.4387009 0.8559843 1 P 0
L 0.3987009 0.8959843 0.4387009 0.8959843 1 P 0
L 0.3992127 1.2950001 0.3992127 1.3350001 1 P 0
L 0.41 0.36 0.41 0.4 1 P 0
L 0.41 0.36 0.45 0.36 1 P 0
L 0.41 0.4 0.45 0.4 1 P 0
L 0.415 0.025 0.415 0.065 1 P 0
L 0.415 0.17 0.415 0.21 1 P 0
L 0.415 0.24 0.415 0.28 1 P 0
L 0.415 0.24 0.455 0.24 1 P 0
L 0.415 0.28 0.455 0.28 1 P 0
L 0.4209448 0.6914174 0.4209448 0.7314174 1 P 0
L 0.4209448 0.6914174 0.4609448 0.6914174 1 P 0
L 0.4209448 0.7314174 0.4609448 0.7314174 1 P 0
L 0.420945 0.5311811 0.420945 0.5711811 1 P 0
L 0.420945 0.5311811 0.460945 0.5311811 1 P 0
L 0.420945 0.5711811 0.460945 0.5711811 1 P 0
L 0.425 0.745 0.425 0.785 1 P 0
L 0.425 0.745 0.465 0.745 1 P 0
L 0.425 0.785 0.465 0.785 1 P 0
L 0.425 1.365 0.425 1.405 1 P 0
L 0.425 1.365 0.465 1.365 1 P 0
L 0.425 1.405 0.465 1.405 1 P 0
L 0.4294487 1.0233071 0.4294487 1.0633071 1 P 0
L 0.4377322 1.483937 0.4377322 1.523937 1 P 0
L 0.4387009 0.8559843 0.4387009 0.8959843 1 P 0
L 0.4469448 1.483937 0.4469448 1.523937 1 P 0
L 0.4469448 1.483937 0.4869448 1.483937 1 P 0
L 0.4469448 1.523937 0.4869448 1.523937 1 P 0
L 0.4487009 0.8559843 0.4487009 0.8959843 1 P 0
L 0.4487009 0.8559843 0.4887009 0.8559843 1 P 0
L 0.4487009 0.8959843 0.4887009 0.8959843 1 P 0
L 0.45 0.36 0.45 0.4 1 P 0
L 0.4524409 0.6914174 0.4524409 0.7314174 1 P 0
L 0.4524409 0.6914174 0.4924409 0.6914174 1 P 0
L 0.4524409 0.7314174 0.4924409 0.7314174 1 P 0
L 0.455 0.24 0.455 0.28 1 P 0
L 0.4609448 0.6914174 0.4609448 0.7314174 1 P 0
L 0.460945 0.5311811 0.460945 0.5711811 1 P 0
L 0.465 0.745 0.465 0.785 1 P 0
L 0.465 1.365 0.465 1.405 1 P 0
L 0.4711417 1.1540159 0.4711417 1.1940159 1 P 0
L 0.4711417 1.1540159 0.5111417 1.1540159 1 P 0
L 0.4711417 1.1940159 0.5111417 1.1940159 1 P 0
L 0.4839369 0.6914174 0.4839369 0.7314174 1 P 0
L 0.4839369 0.6914174 0.5239369 0.6914174 1 P 0
L 0.4839369 0.7314174 0.5239369 0.7314174 1 P 0
L 0.4869448 1.483937 0.4869448 1.523937 1 P 0
L 0.4887009 0.8559843 0.4887009 0.8959843 1 P 0
L 0.4924409 0.6914174 0.4924409 0.7314174 1 P 0
L 0.495 0.89 0.495 0.93 1 P 0
L 0.495 0.89 0.535 0.89 1 P 0
L 0.495 0.93 0.535 0.93 1 P 0
L 0.5111417 1.1540159 0.5111417 1.1940159 1 P 0
L 0.52 0.605 0.52 0.645 1 P 0
L 0.52 0.605 0.56 0.605 1 P 0
L 0.52 0.645 0.56 0.645 1 P 0
L 0.52 1.015 0.52 1.055 1 P 0
L 0.52 1.015 0.56 1.015 1 P 0
L 0.52 1.055 0.56 1.055 1 P 0
L 0.52 1.51 0.52 1.55 1 P 0
L 0.52 1.51 0.56 1.51 1 P 0
L 0.52 1.55 0.56 1.55 1 P 0
L 0.5239369 0.6914174 0.5239369 0.7314174 1 P 0
L 0.53 0.52 0.53 0.56 1 P 0
L 0.53 0.52 0.57 0.52 1 P 0
L 0.53 0.56 0.57 0.56 1 P 0
L 0.53 1.145 0.53 1.185 1 P 0
L 0.53 1.145 0.57 1.145 1 P 0
L 0.53 1.185 0.57 1.185 1 P 0
L 0.535 0.89 0.535 0.93 1 P 0
L 0.5453701 1.4366928 0.5453701 1.4766928 1 P 0
L 0.5453701 1.4366928 0.5853701 1.4366928 1 P 0
L 0.5453701 1.4766928 0.5853701 1.4766928 1 P 0
L 0.5585433 0.1965354 0.5585433 0.2365354 1 P 0
L 0.5585433 0.1965354 0.5985433 0.1965354 1 P 0
L 0.5585433 0.2365354 0.5985433 0.2365354 1 P 0
L 0.5585433 0.3737007 0.5585433 0.4137007 1 P 0
L 0.5585433 0.3737007 0.5985433 0.3737007 1 P 0
L 0.5585433 0.4137007 0.5985433 0.4137007 1 P 0
L 0.56 0.605 0.56 0.645 1 P 0
L 0.56 1.015 0.56 1.055 1 P 0
L 0.56 1.51 0.56 1.55 1 P 0
L 0.57 0.52 0.57 0.56 1 P 0
L 0.57 1.145 0.57 1.185 1 P 0
L 0.5725198 1.1242912 0.5725198 1.1642912 1 P 0
L 0.5725198 1.1242912 0.6125198 1.1242912 1 P 0
L 0.5725198 1.1642912 0.6125198 1.1642912 1 P 0
L 0.5853701 1.4366928 0.5853701 1.4766928 1 P 0
L 0.5929923 0.8225196 0.5929923 0.8625196 1 P 0
L 0.5929923 0.8225196 0.6329923 0.8225196 1 P 0
L 0.5929923 0.8625196 0.6329923 0.8625196 1 P 0
L 0.5985433 0.1965354 0.5985433 0.2365354 1 P 0
L 0.5985433 0.3737007 0.5985433 0.4137007 1 P 0
L 0.6077559 0.1965355 0.6077559 0.2365355 1 P 0
L 0.6077559 0.1965355 0.6477559 0.1965355 1 P 0
L 0.6077559 0.2365355 0.6477559 0.2365355 1 P 0
L 0.6077559 0.3737007 0.6077559 0.4137007 1 P 0
L 0.6077559 0.3737007 0.6477559 0.3737007 1 P 0
L 0.6077559 0.4137007 0.6477559 0.4137007 1 P 0
L 0.6125198 1.1242912 0.6125198 1.1642912 1 P 0
L 0.6329923 0.8225196 0.6329923 0.8625196 1 P 0
L 0.647323 1.1242912 0.647323 1.1642912 1 P 0
L 0.647323 1.1242912 0.687323 1.1242912 1 P 0
L 0.647323 1.1642912 0.687323 1.1642912 1 P 0
L 0.6477559 0.1965355 0.6477559 0.2365355 1 P 0
L 0.6477559 0.3737007 0.6477559 0.4137007 1 P 0
L 0.655 1.38 0.655 1.42 1 P 0
L 0.655 1.38 0.695 1.38 1 P 0
L 0.655 1.42 0.695 1.42 1 P 0
L 0.687323 1.1242912 0.687323 1.1642912 1 P 0
L 0.695 1.38 0.695 1.42 1 P 0
