UNITS=MM
#Layer_Color=8388736
#
#Feature symbol names
#
$0 r19.99996
$1 r9.99998
$2 r49.9999
$3 r14.00048
$4 r99.9998

#
#Feature attribute names
#

#
#Layer features
#
L -0.24999696 29.24999992 -0.24999696 30.750002 1 P 0
L -0.999998 29.24999992 -0.24999696 29.24999992 1 P 0
L -0.999998 29.24999992 -0.999998 30.750002 1 P 0
L -0.999998 30.750002 -0.24999696 30.750002 1 P 0
L -1.62499802 96.74999954 -1.62499802 98.25000162 1 P 0
L -2.37499906 96.74999954 -1.62499802 96.74999954 1 P 0
L -2.37499906 96.74999954 -2.37499906 98.25000162 1 P 0
L -2.37499906 98.25000162 -1.62499802 98.25000162 1 P 0
L -2.6250011 96.74999954 -2.6250011 98.25000162 0 P 0
L -3.00000162 31.0000015 -3.00000162 39.00000074 1 P 0
L -3.37500214 96.74999954 -2.6250011 96.74999954 0 P 0
L -3.37500214 96.74999954 -3.37500214 98.25000162 0 P 0
L -3.37500214 98.25000162 -2.6250011 98.25000162 0 P 0
L -5.5000017 98.49999858 -5.5000017 115.50000014 1 P 0
L -5.5000017 98.49999858 11.49999986 98.49999858 1 P 0
L -5.5000017 115.50000014 11.49999986 115.50000014 1 P 0
L -5.62499764 104.67999638 -5.62499764 106.17999846 1 P 0
L -5.62500018 102.8200001 -5.62500018 104.32000218 1 P 0
L -5.62500018 110.17999808 -5.62500018 111.68000016 0 P 0
L -6.0000007 21.00000118 -6.0000007 27.00000188 1 P 0
L -6.0000007 21.00000118 6.0000007 21.00000118 1 P 0
L -6.0000007 27.00000188 6.0000007 27.00000188 1 P 0
L -6.3000001 29.24999992 -6.3000001 30.750002 0 P 0
L -6.37499868 104.67999638 -5.62499764 104.67999638 1 P 0
L -6.37499868 104.67999638 -6.37499868 106.17999846 1 P 0
L -6.37499868 106.17999846 -5.62499764 106.17999846 1 P 0
L -6.37500122 102.8200001 -5.62500018 102.8200001 1 P 0
L -6.37500122 102.8200001 -6.37500122 104.32000218 1 P 0
L -6.37500122 104.32000218 -5.62500018 104.32000218 1 P 0
L -6.37500122 110.17999808 -5.62500018 110.17999808 0 P 0
L -6.37500122 110.17999808 -6.37500122 111.68000016 0 P 0
L -6.37500122 111.68000016 -5.62500018 111.68000016 0 P 0
L -6.9999987 111.50000052 -6.9999987 120.0000013 1 P 0
L -7.05000114 29.24999992 -6.3000001 29.24999992 0 P 0
L -7.05000114 29.24999992 -7.05000114 30.750002 0 P 0
L -7.05000114 30.750002 -6.3000001 30.750002 0 P 0
L -7.60000004 29.25000246 -7.60000004 30.75000454 1 P 0
L -7.62499872 101.66999986 -7.62499872 103.17000194 0 P 0
L -7.87999948 107.45399896 -7.87999948 108.95400104 0 P 0
L -8.25000128 39.25000024 -8.25000128 40.75000232 1 P 0
L -8.35000108 29.25000246 -7.60000004 29.25000246 1 P 0
L -8.35000108 29.25000246 -8.35000108 30.75000454 1 P 0
L -8.35000108 30.75000454 -7.60000004 30.75000454 1 P 0
L -8.37499976 101.66999986 -7.62499872 101.66999986 0 P 0
L -8.37499976 101.66999986 -8.37499976 103.17000194 0 P 0
L -8.37499976 103.17000194 -7.62499872 103.17000194 0 P 0
L -8.44399886 98.4092012 -8.44399886 103.5908012 1 P 0
L -8.63000052 107.45399896 -7.87999948 107.45399896 0 P 0
L -8.63000052 107.45399896 -8.63000052 108.95400104 0 P 0
L -8.63000052 108.95400104 -7.87999948 108.95400104 0 P 0
L -8.89999744 29.24999992 -8.89999744 30.750002 1 P 0
L -8.99999978 45.50000044 -8.99999978 74.49999832 1 P 0
L -8.99999978 45.50000044 8.99999978 45.50000044 1 P 0
L -8.99999978 74.49999832 8.99999978 74.49999832 1 P 0
L -8.99999978 105.20000042 -8.99999978 108.7999983 1 P 0
L -9.00000232 39.25000024 -8.25000128 39.25000024 1 P 0
L -9.00000232 39.25000024 -9.00000232 40.75000232 1 P 0
L -9.00000232 40.75000232 -8.25000128 40.75000232 1 P 0
L -9.64999848 29.24999992 -8.89999744 29.24999992 1 P 0
L -9.64999848 29.24999992 -9.64999848 30.750002 1 P 0
L -9.64999848 30.750002 -8.89999744 30.750002 1 P 0
L -10.19999992 29.24999992 -10.19999992 30.750002 1 P 0
L -10.20000246 39.2499977 -10.20000246 40.74999978 0 P 0
L -10.95000096 29.24999992 -10.19999992 29.24999992 1 P 0
L -10.95000096 29.24999992 -10.95000096 30.750002 1 P 0
L -10.95000096 30.750002 -10.19999992 30.750002 1 P 0
L -10.9500035 39.2499977 -10.20000246 39.2499977 0 P 0
L -10.9500035 39.2499977 -10.9500035 40.74999978 0 P 0
L -10.9500035 40.74999978 -10.20000246 40.74999978 0 P 0
L -11.00000086 31.0000015 -3.00000162 31.0000015 1 P 0
L -11.00000086 31.0000015 -11.00000086 39.00000074 1 P 0
L -11.00000086 39.00000074 -3.00000162 39.00000074 1 P 0
L -11.00000086 45.50000044 -11.00000086 74.49999832 1 P 0
L -14.99999794 105.20000042 -8.99999978 105.20000042 1 P 0
L -14.99999794 105.20000042 -14.99999794 108.7999983 1 P 0
L -14.99999794 108.7999983 -8.99999978 108.7999983 1 P 0
L -15.37299948 105.04099896 -15.37299948 106.54100104 0 P 0
L -15.55599886 98.4092012 -8.44399886 98.4092012 1 P 0
L -15.55599886 98.4092012 -15.55599886 103.5908012 1 P 0
L -15.55599886 103.5908012 -8.44399886 103.5908012 1 P 0
L -15.6250005 101.66999986 -15.6250005 103.17000194 1 P 0
L -16.12300052 105.04099896 -15.37299948 105.04099896 0 P 0
L -16.12300052 105.04099896 -16.12300052 106.54100104 0 P 0
L -16.12300052 106.54100104 -15.37299948 106.54100104 0 P 0
L -16.37500154 101.66999986 -15.6250005 101.66999986 1 P 0
L -16.37500154 101.66999986 -16.37500154 103.17000194 1 P 0
L -16.37500154 103.17000194 -15.6250005 103.17000194 1 P 0
L -16.99999902 111.50000052 -6.9999987 111.50000052 1 P 0
L -16.99999902 111.50000052 -16.99999902 120.0000013 1 P 0
L -16.99999902 120.0000013 -6.9999987 120.0000013 1 P 0
L -18.5000011 101.49999766 -18.5000011 104.49999674 1 P 0
L -18.5000011 109.4999969 -18.5000011 112.49999598 1 P 0
L -18.67499694 99.24999454 -18.67499694 100.74999662 1 P 0
L -18.67499694 107.24999378 -18.67499694 108.74999586 1 P 0
L -18.67499948 105.24999524 -18.67499948 106.74999732 0 P 0
L -19.42499798 99.24999454 -18.67499694 99.24999454 1 P 0
L -19.42499798 99.24999454 -19.42499798 100.74999662 1 P 0
L -19.42499798 100.74999662 -18.67499694 100.74999662 1 P 0
L -19.42499798 107.24999378 -18.67499694 107.24999378 1 P 0
L -19.42499798 107.24999378 -19.42499798 108.74999586 1 P 0
L -19.42499798 108.74999586 -18.67499694 108.74999586 1 P 0
L -19.42500052 105.24999524 -18.67499948 105.24999524 0 P 0
L -19.42500052 105.24999524 -19.42500052 106.74999732 0 P 0
L -19.42500052 106.74999732 -18.67499948 106.74999732 0 P 0
L -19.62499758 99.24999454 -19.62499758 100.74999662 1 P 0
L -19.62499758 113.24999448 -19.62499758 114.74999656 1 P 0
L -19.62500012 105.24999524 -19.62500012 106.74999732 1 P 0
L -19.62500012 107.24999632 -19.62500012 108.7499984 0 P 0
L -20.37499862 99.24999454 -19.62499758 99.24999454 1 P 0
L -20.37499862 99.24999454 -20.37499862 100.74999662 1 P 0
L -20.37499862 100.74999662 -19.62499758 100.74999662 1 P 0
L -20.37499862 113.24999448 -19.62499758 113.24999448 1 P 0
L -20.37499862 113.24999448 -20.37499862 114.74999656 1 P 0
L -20.37499862 114.74999656 -19.62499758 114.74999656 1 P 0
L -20.37500116 105.24999524 -19.62500012 105.24999524 1 P 0
L -20.37500116 105.24999524 -20.37500116 106.74999732 1 P 0
L -20.37500116 106.74999732 -19.62500012 106.74999732 1 P 0
L -20.37500116 107.24999632 -19.62500012 107.24999632 0 P 0
L -20.37500116 107.24999632 -20.37500116 108.7499984 0 P 0
L -20.37500116 108.7499984 -19.62500012 108.7499984 0 P 0
L -20.57499822 105.2499927 -20.57499822 106.74999478 1 P 0
L -20.57500076 99.24999454 -20.57500076 100.74999662 0 P 0
L -20.57500076 107.24999632 -20.57500076 108.7499984 0 P 0
L -20.57500076 113.24999448 -20.57500076 114.74999656 0 P 0
L -21.00000118 113.99999806 -21.00000118 119.99999876 1 P 0
L -21.32499926 105.2499927 -20.57499822 105.2499927 1 P 0
L -21.32499926 105.2499927 -21.32499926 106.74999478 1 P 0
L -21.32499926 106.74999478 -20.57499822 106.74999478 1 P 0
L -21.3250018 99.24999454 -20.57500076 99.24999454 0 P 0
L -21.3250018 99.24999454 -21.3250018 100.74999662 0 P 0
L -21.3250018 100.74999662 -20.57500076 100.74999662 0 P 0
L -21.3250018 107.24999632 -20.57500076 107.24999632 0 P 0
L -21.3250018 107.24999632 -21.3250018 108.7499984 0 P 0
L -21.3250018 108.7499984 -20.57500076 108.7499984 0 P 0
L -21.3250018 113.24999448 -20.57500076 113.24999448 0 P 0
L -21.3250018 113.24999448 -21.3250018 114.74999656 0 P 0
L -21.3250018 114.74999656 -20.57500076 114.74999656 0 P 0
L -21.50000018 101.49999766 -18.5000011 101.49999766 1 P 0
L -21.50000018 101.49999766 -21.50000018 104.49999674 1 P 0
L -21.50000018 104.49999674 -18.5000011 104.49999674 1 P 0
L -21.50000018 109.4999969 -18.5000011 109.4999969 1 P 0
L -21.50000018 109.4999969 -21.50000018 112.49999598 1 P 0
L -21.50000018 112.49999598 -18.5000011 112.49999598 1 P 0
L -22.00000426 100.99999612 -22.00000426 112.49999598 1 P 0
L -23.25000176 99.62500014 -23.25000176 100.37500118 0 P 0
L -24.75000384 99.62500014 -23.25000176 99.62500014 0 P 0
L -24.75000384 99.62500014 -24.75000384 100.37500118 0 P 0
L -24.75000384 100.37500118 -23.25000176 100.37500118 0 P 0
L -26.25000084 99.37500064 -26.25000084 100.62500068 1 P 0
L -28.75000092 99.37500064 -26.25000084 99.37500064 1 P 0
L -28.75000092 99.37500064 -28.75000092 100.62500068 1 P 0
L -28.75000092 100.62500068 -26.25000084 100.62500068 1 P 0
L -29.00000042 45.50000044 -11.00000086 45.50000044 1 P 0
L -29.00000042 45.50000044 -29.00000042 74.49999832 1 P 0
L -29.00000042 74.49999832 -11.00000086 74.49999832 1 P 0
L -30.0000035 100.99999612 -22.00000426 100.99999612 1 P 0
L -30.0000035 100.99999612 -30.0000035 112.49999598 1 P 0
L -30.0000035 112.49999598 -22.00000426 112.49999598 1 P 0
L -30.49999996 44.0000009 -30.49999996 50.0000016 1 P 0
L -30.62500098 99.49999404 -30.62500098 100.99999612 0 P 0
L -31.0000015 113.99999806 -21.00000118 113.99999806 1 P 0
L -31.0000015 113.99999806 -31.0000015 119.99999876 1 P 0
L -31.0000015 119.99999876 -21.00000118 119.99999876 1 P 0
L -31.37500202 99.49999404 -30.62500098 99.49999404 0 P 0
L -31.37500202 99.49999404 -31.37500202 100.99999612 0 P 0
L -31.37500202 100.99999612 -30.62500098 100.99999612 0 P 0
L -31.37500202 111.24999848 -31.37500202 113.74999856 1 P 0
L -31.62500406 107.74999786 -31.62500406 109.24999994 0 P 0
L -31.75 99.37499302 -31.75 100.12499406 1 P 0
L -31.75 100.37499356 -31.75 101.1249946 1 P 0
L -31.75 101.37499664 -31.75 102.12499768 1 P 0
L -32.00000204 102.4999982 -32.00000204 107.49999836 1 P 0
L -32.3750051 107.74999786 -31.62500406 107.74999786 0 P 0
L -32.3750051 107.74999786 -32.3750051 109.24999994 0 P 0
L -32.3750051 109.24999994 -31.62500406 109.24999994 0 P 0
L -32.62499952 55.64999538 -32.62499952 57.14999746 1 P 0
L -32.62500206 111.24999848 -31.37500202 111.24999848 1 P 0
L -32.62500206 111.24999848 -32.62500206 113.74999856 1 P 0
L -32.62500206 113.74999856 -31.37500202 113.74999856 1 P 0
L -32.7200006 109.1499976 -32.7200006 114.84999636 1 P 0
L -32.75000054 108.6869937 -32.75000054 109.43699474 1 P 0
L -33.25000208 99.37499302 -31.75 99.37499302 1 P 0
L -33.25000208 99.37499302 -33.25000208 100.12499406 1 P 0
L -33.25000208 100.12499406 -31.75 100.12499406 1 P 0
L -33.25000208 100.37499356 -31.75 100.37499356 1 P 0
L -33.25000208 100.37499356 -33.25000208 101.1249946 1 P 0
L -33.25000208 101.1249946 -31.75 101.1249946 1 P 0
L -33.25000208 101.37499664 -31.75 101.37499664 1 P 0
L -33.25000208 101.37499664 -33.25000208 102.12499768 1 P 0
L -33.25000208 102.12499768 -31.75 102.12499768 1 P 0
L -33.37500056 55.64999538 -32.62499952 55.64999538 1 P 0
L -33.37500056 55.64999538 -33.37500056 57.14999746 1 P 0
L -33.37500056 57.14999746 -32.62499952 57.14999746 1 P 0
L -33.49999904 53.49999968 -33.49999904 57.50000184 1 P 0
L -33.98540066 50.24999856 -33.98540066 51.75000064 0 P 0
L -34.12499906 58.149998 -34.12499906 59.65000008 0 P 0
L -34.25000008 99.37499302 -34.25000008 100.12499406 1 P 0
L -34.25000262 108.6869937 -32.75000054 108.6869937 1 P 0
L -34.25000262 108.6869937 -34.25000262 109.43699474 1 P 0
L -34.25000262 109.43699474 -32.75000054 109.43699474 1 P 0
L -34.7354017 50.24999856 -33.98540066 50.24999856 0 P 0
L -34.7354017 50.24999856 -34.7354017 51.75000064 0 P 0
L -34.7354017 51.75000064 -33.98540066 51.75000064 0 P 0
L -34.8750001 58.149998 -34.12499906 58.149998 0 P 0
L -34.8750001 58.149998 -34.8750001 59.65000008 0 P 0
L -34.8750001 59.65000008 -34.12499906 59.65000008 0 P 0
L -35.00000112 58.49999984 -35.00000112 64.499998 1 P 0
L -35.21999814 65.2499965 -35.21999814 66.74999858 1 P 0
L -35.2354007 50.24999856 -35.2354007 51.75000064 1 P 0
L -35.75000216 99.37499302 -34.25000008 99.37499302 1 P 0
L -35.75000216 99.37499302 -35.75000216 100.12499406 1 P 0
L -35.75000216 100.12499406 -34.25000008 100.12499406 1 P 0
L -35.75000216 108.6869937 -35.75000216 109.43699474 0 P 0
L -35.96999918 65.2499965 -35.21999814 65.2499965 1 P 0
L -35.96999918 65.2499965 -35.96999918 66.74999858 1 P 0
L -35.96999918 66.74999858 -35.21999814 66.74999858 1 P 0
L -35.98540174 50.24999856 -35.2354007 50.24999856 1 P 0
L -35.98540174 50.24999856 -35.98540174 51.75000064 1 P 0
L -35.98540174 51.75000064 -35.2354007 51.75000064 1 P 0
L -36.37500218 99.24999708 -36.37500218 101.74999716 1 P 0
L -36.49000068 65.2499965 -36.49000068 66.74999858 0 P 0
L -37.24000172 65.2499965 -36.49000068 65.2499965 0 P 0
L -37.24000172 65.2499965 -37.24000172 66.74999858 0 P 0
L -37.24000172 66.74999858 -36.49000068 66.74999858 0 P 0
L -37.25000424 108.6869937 -35.75000216 108.6869937 0 P 0
L -37.25000424 108.6869937 -37.25000424 109.43699474 0 P 0
L -37.25000424 109.43699474 -35.75000216 109.43699474 0 P 0
L -37.28000164 109.1499976 -32.7200006 109.1499976 1 P 0
L -37.28000164 109.1499976 -37.28000164 114.84999636 1 P 0
L -37.28000164 114.84999636 -32.7200006 114.84999636 1 P 0
L -37.37500272 111.24999848 -37.37500272 113.74999856 1 P 0
L -37.62500222 99.24999708 -36.37500218 99.24999708 1 P 0
L -37.62500222 99.24999708 -37.62500222 101.74999716 1 P 0
L -37.62500222 101.74999716 -36.37500218 101.74999716 1 P 0
L -37.76000068 65.24999904 -37.76000068 66.75000112 1 P 0
L -37.87500172 99.24999708 -37.87500172 101.74999716 1 P 0
L -38.0000002 102.4999982 -32.00000204 102.4999982 1 P 0
L -38.0000002 102.4999982 -38.0000002 107.49999836 1 P 0
L -38.0000002 107.49999836 -32.00000204 107.49999836 1 P 0
L -38.51000172 65.24999904 -37.76000068 65.24999904 1 P 0
L -38.51000172 65.24999904 -38.51000172 66.75000112 1 P 0
L -38.51000172 66.75000112 -37.76000068 66.75000112 1 P 0
L -38.62500276 105.99999374 -38.62500276 107.49999582 0 P 0
L -38.62500276 107.74999786 -38.62500276 109.24999994 0 P 0
L -38.62500276 111.24999848 -37.37500272 111.24999848 1 P 0
L -38.62500276 111.24999848 -38.62500276 113.74999856 1 P 0
L -38.62500276 113.74999856 -37.37500272 113.74999856 1 P 0
L -38.98540082 50.24999856 -38.98540082 51.75000064 1 P 0
L -39.12500176 99.24999708 -37.87500172 99.24999708 1 P 0
L -39.12500176 99.24999708 -39.12500176 101.74999716 1 P 0
L -39.12500176 101.74999716 -37.87500172 101.74999716 1 P 0
L -39.37500126 99.24999708 -39.37500126 101.74999716 1 P 0
L -39.3750038 105.99999374 -38.62500276 105.99999374 0 P 0
L -39.3750038 105.99999374 -39.3750038 107.49999582 0 P 0
L -39.3750038 107.49999582 -38.62500276 107.49999582 0 P 0
L -39.3750038 107.74999786 -38.62500276 107.74999786 0 P 0
L -39.3750038 107.74999786 -39.3750038 109.24999994 0 P 0
L -39.3750038 109.24999994 -38.62500276 109.24999994 0 P 0
L -39.72000184 106.14999852 -39.72000184 111.84999728 1 P 0
L -39.73540186 50.24999856 -38.98540082 50.24999856 1 P 0
L -39.73540186 50.24999856 -39.73540186 51.75000064 1 P 0
L -39.73540186 51.75000064 -38.98540082 51.75000064 1 P 0
L -40.00000128 58.49999984 -35.00000112 58.49999984 1 P 0
L -40.00000128 58.49999984 -40.00000128 64.499998 1 P 0
L -40.00000128 64.499998 -35.00000112 64.499998 1 P 0
L -40.23540086 50.24999856 -40.23540086 51.75000064 0 P 0
L -40.6250013 99.24999708 -39.37500126 99.24999708 1 P 0
L -40.6250013 99.24999708 -40.6250013 101.74999716 1 P 0
L -40.6250013 101.74999716 -39.37500126 101.74999716 1 P 0
L -40.6250013 102.4999982 -40.6250013 104.99999828 1 P 0
L -40.8750008 99.24999708 -40.8750008 101.74999716 1 P 0
L -40.9854019 50.24999856 -40.23540086 50.24999856 0 P 0
L -40.9854019 50.24999856 -40.9854019 51.75000064 0 P 0
L -40.9854019 51.75000064 -40.23540086 51.75000064 0 P 0
L -41.49999828 53.49999968 -33.49999904 53.49999968 1 P 0
L -41.49999828 53.49999968 -41.49999828 57.50000184 1 P 0
L -41.49999828 57.50000184 -33.49999904 57.50000184 1 P 0
L -41.6249993 55.64999792 -41.6249993 57.15 1 P 0
L -41.87500134 102.4999982 -40.6250013 102.4999982 1 P 0
L -41.87500134 102.4999982 -41.87500134 104.99999828 1 P 0
L -41.87500134 104.99999828 -40.6250013 104.99999828 1 P 0
L -42.12500084 99.24999708 -40.8750008 99.24999708 1 P 0
L -42.12500084 99.24999708 -42.12500084 101.74999716 1 P 0
L -42.12500084 101.74999716 -40.8750008 101.74999716 1 P 0
L -42.12500084 102.4999982 -42.12500084 104.99999828 1 P 0
L -42.37500034 55.64999792 -41.6249993 55.64999792 1 P 0
L -42.37500034 55.64999792 -42.37500034 57.15 1 P 0
L -42.37500034 57.15 -41.6249993 57.15 1 P 0
L -42.37500288 99.24999708 -42.37500288 101.74999716 1 P 0
L -43.37500088 102.4999982 -42.12500084 102.4999982 1 P 0
L -43.37500088 102.4999982 -43.37500088 104.99999828 1 P 0
L -43.37500088 104.99999828 -42.12500084 104.99999828 1 P 0
L -43.62500292 99.24999708 -42.37500288 99.24999708 1 P 0
L -43.62500292 99.24999708 -43.62500292 101.74999716 1 P 0
L -43.62500292 101.74999716 -42.37500288 101.74999716 1 P 0
L -43.62500292 102.4999982 -43.62500292 104.99999828 1 P 0
L -44.28000288 106.14999852 -39.72000184 106.14999852 1 P 0
L -44.28000288 106.14999852 -44.28000288 111.84999728 1 P 0
L -44.28000288 111.84999728 -39.72000184 111.84999728 1 P 0
L -44.50000244 44.0000009 -30.49999996 44.0000009 1 P 0
L -44.50000244 44.0000009 -44.50000244 50.0000016 1 P 0
L -44.50000244 50.0000016 -30.49999996 50.0000016 1 P 0
L -44.50000244 106.49999528 -44.50000244 111.49999544 1 P 0
L -44.62500092 113.24999448 -44.62500092 114.74999656 0 P 0
L -44.87500296 102.4999982 -43.62500292 102.4999982 1 P 0
L -44.87500296 102.4999982 -44.87500296 104.99999828 1 P 0
L -44.87500296 104.99999828 -43.62500292 104.99999828 1 P 0
L -45.12500246 102.4999982 -45.12500246 104.99999828 1 P 0
L -45.37500196 113.24999448 -44.62500092 113.24999448 0 P 0
L -45.37500196 113.24999448 -45.37500196 114.74999656 0 P 0
L -45.37500196 114.74999656 -44.62500092 114.74999656 0 P 0
L -45.4999979 44.0000009 -45.4999979 50.0000016 1 P 0
L -45.62500146 113.24999448 -45.62500146 114.74999656 0 P 0
L -46.3750025 102.4999982 -45.12500246 102.4999982 1 P 0
L -46.3750025 102.4999982 -46.3750025 104.99999828 1 P 0
L -46.3750025 104.99999828 -45.12500246 104.99999828 1 P 0
L -46.3750025 113.24999448 -45.62500146 113.24999448 0 P 0
L -46.3750025 113.24999448 -46.3750025 114.74999656 0 P 0
L -46.3750025 114.74999656 -45.62500146 114.74999656 0 P 0
L -46.62499946 103.2499967 -46.62499946 104.74999878 1 P 0
L -46.625002 113.24999702 -46.625002 114.7499991 1 P 0
L -47.3750005 103.2499967 -46.62499946 103.2499967 1 P 0
L -47.3750005 103.2499967 -47.3750005 104.74999878 1 P 0
L -47.3750005 104.74999878 -46.62499946 104.74999878 1 P 0
L -47.37500304 113.24999702 -46.625002 113.24999702 1 P 0
L -47.37500304 113.24999702 -47.37500304 114.7499991 1 P 0
L -47.37500304 114.7499991 -46.625002 114.7499991 1 P 0
L -47.625 55.64999538 -47.625 57.14999746 1 P 0
L -47.62500254 103.2499967 -47.62500254 104.74999878 1 P 0
L -47.62500254 112.25000156 -47.62500254 114.75000164 1 P 0
L -48.37500104 55.64999538 -47.625 55.64999538 1 P 0
L -48.37500104 55.64999538 -48.37500104 57.14999746 1 P 0
L -48.37500104 57.14999746 -47.625 57.14999746 1 P 0
L -48.37500358 103.2499967 -47.62500254 103.2499967 1 P 0
L -48.37500358 103.2499967 -48.37500358 104.74999878 1 P 0
L -48.37500358 104.74999878 -47.62500254 104.74999878 1 P 0
L -48.49999698 53.49999968 -48.49999698 57.50000184 1 P 0
L -48.62500054 103.2499967 -48.62500054 104.74999878 1 P 0
L -48.87500258 112.25000156 -47.62500254 112.25000156 1 P 0
L -48.87500258 112.25000156 -48.87500258 114.75000164 1 P 0
L -48.87500258 114.75000164 -47.62500254 114.75000164 1 P 0
L -48.9853986 50.24999856 -48.9853986 51.75000064 0 P 0
L -49.12499954 58.149998 -49.12499954 59.65000008 0 P 0
L -49.12500208 112.24999902 -49.12500208 114.7499991 1 P 0
L -49.37500158 103.2499967 -48.62500054 103.2499967 1 P 0
L -49.37500158 103.2499967 -49.37500158 104.74999878 1 P 0
L -49.37500158 104.74999878 -48.62500054 104.74999878 1 P 0
L -49.5000026 106.49999528 -44.50000244 106.49999528 1 P 0
L -49.5000026 106.49999528 -49.5000026 111.49999544 1 P 0
L -49.5000026 111.49999544 -44.50000244 111.49999544 1 P 0
L -49.62500108 103.2499967 -49.62500108 104.74999878 1 P 0
L -49.73539964 50.24999856 -48.9853986 50.24999856 0 P 0
L -49.73539964 50.24999856 -49.73539964 51.75000064 0 P 0
L -49.73539964 51.75000064 -48.9853986 51.75000064 0 P 0
L -49.87500058 58.149998 -49.12499954 58.149998 0 P 0
L -49.87500058 58.149998 -49.87500058 59.65000008 0 P 0
L -49.87500058 59.65000008 -49.12499954 59.65000008 0 P 0
L -49.99999906 58.49999984 -49.99999906 64.499998 1 P 0
L -50.21999608 65.2499965 -50.21999608 66.74999858 1 P 0
L -50.23539864 50.24999856 -50.23539864 51.75000064 1 P 0
L -50.37500212 103.2499967 -49.62500108 103.2499967 1 P 0
L -50.37500212 103.2499967 -50.37500212 104.74999878 1 P 0
L -50.37500212 104.74999878 -49.62500108 104.74999878 1 P 0
L -50.37500212 112.24999902 -49.12500208 112.24999902 1 P 0
L -50.37500212 112.24999902 -50.37500212 114.7499991 1 P 0
L -50.37500212 112.24999902 -50.37500212 114.7499991 1 P 0
L -50.37500212 114.7499991 -49.12500208 114.7499991 1 P 0
L -50.82500122 101.24999562 -50.82500122 102.7499977 0 P 0
L -50.93320268 103.57759828 -50.93320268 106.42239828 1 P 0
L -50.96999712 65.2499965 -50.21999608 65.2499965 1 P 0
L -50.96999712 65.2499965 -50.96999712 66.74999858 1 P 0
L -50.96999712 66.74999858 -50.21999608 66.74999858 1 P 0
L -50.98539968 50.24999856 -50.23539864 50.24999856 1 P 0
L -50.98539968 50.24999856 -50.98539968 51.75000064 1 P 0
L -50.98539968 51.75000064 -50.23539864 51.75000064 1 P 0
L -51.2499991 107.37499734 -51.2499991 108.12499838 1 P 0
L -51.2499991 108.37499788 -51.2499991 109.12499892 1 P 0
L -51.25000164 109.37499588 -51.25000164 110.12499692 1 P 0
L -51.48999862 65.2499965 -51.48999862 66.74999858 0 P 0
L -51.57500226 101.24999562 -50.82500122 101.24999562 0 P 0
L -51.57500226 101.24999562 -51.57500226 102.7499977 0 P 0
L -51.57500226 102.7499977 -50.82500122 102.7499977 0 P 0
L -51.62500216 112.24999902 -50.37500212 112.24999902 1 P 0
L -51.62500216 112.24999902 -51.62500216 114.7499991 1 P 0
L -51.62500216 112.24999902 -51.62500216 114.7499991 1 P 0
L -51.62500216 114.7499991 -50.37500212 114.7499991 1 P 0
L -52.02500136 101.24999562 -52.02500136 102.7499977 0 P 0
L -52.23999966 65.2499965 -51.48999862 65.2499965 0 P 0
L -52.23999966 65.2499965 -52.23999966 66.74999858 0 P 0
L -52.23999966 66.74999858 -51.48999862 66.74999858 0 P 0
L -52.75000118 107.37499734 -51.2499991 107.37499734 1 P 0
L -52.75000118 107.37499734 -52.75000118 108.12499838 1 P 0
L -52.75000118 108.12499838 -51.2499991 108.12499838 1 P 0
L -52.75000118 108.37499788 -51.2499991 108.37499788 1 P 0
L -52.75000118 108.37499788 -52.75000118 109.12499892 1 P 0
L -52.75000118 109.12499892 -51.2499991 109.12499892 1 P 0
L -52.75000372 109.37499588 -51.25000164 109.37499588 1 P 0
L -52.75000372 109.37499588 -52.75000372 110.12499692 1 P 0
L -52.75000372 110.12499692 -51.25000164 110.12499692 1 P 0
L -52.75999862 65.24999904 -52.75999862 66.75000112 1 P 0
L -52.7750024 101.24999562 -52.02500136 101.24999562 0 P 0
L -52.7750024 101.24999562 -52.7750024 102.7499977 0 P 0
L -52.7750024 102.7499977 -52.02500136 102.7499977 0 P 0
L -52.8750022 112.24999902 -51.62500216 112.24999902 1 P 0
L -52.8750022 112.24999902 -52.8750022 114.7499991 1 P 0
L -52.8750022 114.7499991 -51.62500216 114.7499991 1 P 0
L -53.06680268 103.57759828 -50.93320268 103.57759828 1 P 0
L -53.06680268 103.57759828 -53.06680268 106.42239828 1 P 0
L -53.06680268 106.42239828 -50.93320268 106.42239828 1 P 0
L -53.49999968 100.99999866 -53.49999968 108.9999979 1 P 0
L -53.50999966 65.24999904 -52.75999862 65.24999904 1 P 0
L -53.50999966 65.24999904 -53.50999966 66.75000112 1 P 0
L -53.50999966 66.75000112 -52.75999862 66.75000112 1 P 0
L -53.98539876 50.24999856 -53.98539876 51.75000064 1 P 0
L -54.7353998 50.24999856 -53.98539876 50.24999856 1 P 0
L -54.7353998 50.24999856 -54.7353998 51.75000064 1 P 0
L -54.7353998 51.75000064 -53.98539876 51.75000064 1 P 0
L -54.99999922 58.49999984 -49.99999906 58.49999984 1 P 0
L -54.99999922 58.49999984 -54.99999922 64.499998 1 P 0
L -54.99999922 64.499998 -49.99999906 64.499998 1 P 0
L -55.2353988 50.24999856 -55.2353988 51.75000064 0 P 0
L -55.98539984 50.24999856 -55.2353988 50.24999856 0 P 0
L -55.98539984 50.24999856 -55.98539984 51.75000064 0 P 0
L -55.98539984 51.75000064 -55.2353988 51.75000064 0 P 0
L -56.49999622 53.49999968 -48.49999698 53.49999968 1 P 0
L -56.49999622 53.49999968 -56.49999622 57.50000184 1 P 0
L -56.49999622 57.50000184 -48.49999698 57.50000184 1 P 0
L -56.62499978 55.64999792 -56.62499978 57.15 1 P 0
L -57.37500082 55.64999792 -56.62499978 55.64999792 1 P 0
L -57.37500082 55.64999792 -57.37500082 57.15 1 P 0
L -57.37500082 57.15 -56.62499978 57.15 1 P 0
L -57.50000184 100.99999866 -53.49999968 100.99999866 1 P 0
L -57.50000184 100.99999866 -57.50000184 108.9999979 1 P 0
L -57.50000184 108.9999979 -53.49999968 108.9999979 1 P 0
L -58.99999884 102.99999974 -58.99999884 113.00000006 1 P 0
L -59.50000038 44.0000009 -45.4999979 44.0000009 1 P 0
L -59.50000038 44.0000009 -59.50000038 50.0000016 1 P 0
L -59.50000038 50.0000016 -45.4999979 50.0000016 1 P 0
L -60.2298008 77.42420126 -60.2298008 96.57580126 2 P 0
L -60.2298008 77.42420126 10.1027992 77.42420126 2 P 0
L -60.2298008 96.57580126 10.1027992 96.57580126 2 P 0
L -64.99999954 102.99999974 -58.99999884 102.99999974 1 P 0
L -64.99999954 102.99999974 -64.99999954 113.00000006 1 P 0
L -64.99999954 113.00000006 -58.99999884 113.00000006 1 P 0
L 0.25000204 29.24999992 0.25000204 30.750002 1 P 0
L 0.25000204 29.24999992 1.00000308 29.24999992 1 P 0
L 0.25000204 30.750002 1.00000308 30.750002 1 P 0
L 1.00000308 29.24999992 1.00000308 30.750002 1 P 0
L 1.62499802 96.74999954 1.62499802 98.25000162 0 P 0
L 1.62499802 96.74999954 2.37499906 96.74999954 0 P 0
L 1.62499802 98.25000162 2.37499906 98.25000162 0 P 0
L 2.37499906 96.74999954 2.37499906 98.25000162 0 P 0
L 2.62499856 96.74999954 2.62499856 98.25000162 0 P 0
L 2.62499856 96.74999954 3.3749996 96.74999954 0 P 0
L 2.62499856 98.25000162 3.3749996 98.25000162 0 P 0
L 3.31999844 115.62499862 3.31999844 116.37499966 0 P 0
L 3.31999844 115.62499862 4.82000052 115.62499862 0 P 0
L 3.31999844 116.37499966 4.82000052 116.37499966 0 P 0
L 3.3749996 96.74999954 3.3749996 98.25000162 0 P 0
L 3.6249991 96.74999954 3.6249991 98.25000162 0 P 0
L 3.6249991 96.74999954 4.37500014 96.74999954 0 P 0
L 3.6249991 98.25000162 4.37500014 98.25000162 0 P 0
L 3.90949942 29.24999992 3.90949942 30.750002 1 P 0
L 3.90949942 29.24999992 4.65950046 29.24999992 1 P 0
L 3.90949942 30.750002 4.65950046 30.750002 1 P 0
L 4.37500014 96.74999954 4.37500014 98.25000162 0 P 0
L 4.65950046 29.24999992 4.65950046 30.750002 1 P 0
L 4.82000052 115.62499862 4.82000052 116.37499966 0 P 0
L 5.00000016 31.5000005 5.00000016 38.50000174 1 P 0
L 5.00000016 31.5000005 15.00000048 31.5000005 1 P 0
L 5.00000016 38.50000174 15.00000048 38.50000174 1 P 0
L 5.1799998 29.24999992 5.1799998 30.750002 0 P 0
L 5.1799998 29.24999992 5.93000084 29.24999992 0 P 0
L 5.1799998 30.750002 5.93000084 30.750002 0 P 0
L 5.93000084 29.24999992 5.93000084 30.750002 0 P 0
L 6.0000007 21.00000118 6.0000007 27.00000188 1 P 0
L 6.45000234 29.24999992 6.45000234 30.750002 1 P 0
L 6.45000234 29.24999992 7.20000338 29.24999992 1 P 0
L 6.45000234 30.750002 7.20000338 30.750002 1 P 0
L 6.45000234 39.2499977 6.45000234 40.74999978 1 P 0
L 6.45000234 39.2499977 7.20000338 39.2499977 1 P 0
L 6.45000234 40.74999978 7.20000338 40.74999978 1 P 0
L 7.20000338 29.24999992 7.20000338 30.750002 1 P 0
L 7.20000338 39.2499977 7.20000338 40.74999978 1 P 0
L 7.7199998 29.24999992 7.7199998 30.750002 0 P 0
L 7.7199998 29.24999992 8.47000084 29.24999992 0 P 0
L 7.7199998 30.750002 8.47000084 30.750002 0 P 0
L 7.7199998 39.2499977 7.7199998 40.74999978 0 P 0
L 7.7199998 39.2499977 8.47000084 39.2499977 0 P 0
L 7.7199998 40.74999978 8.47000084 40.74999978 0 P 0
L 8.47000084 29.24999992 8.47000084 30.750002 0 P 0
L 8.47000084 39.2499977 8.47000084 40.74999978 0 P 0
L 8.99999978 45.50000044 8.99999978 74.49999832 1 P 0
L 10.1027992 77.42420126 10.1027992 96.57580126 2 P 0
L 11.00000086 45.50000044 11.00000086 74.49999832 1 P 0
L 11.00000086 45.50000044 29.00000042 45.50000044 1 P 0
L 11.00000086 74.49999832 29.00000042 74.49999832 1 P 0
L 11.49999986 98.49999858 11.49999986 115.50000014 1 P 0
L 11.62499834 102.67999784 11.62499834 104.17999992 0 P 0
L 11.62499834 102.67999784 12.37499938 102.67999784 0 P 0
L 11.62499834 104.17999992 12.37499938 104.17999992 0 P 0
L 11.62500088 101.1799983 11.62500088 102.68000038 1 P 0
L 11.62500088 101.1799983 12.37500192 101.1799983 1 P 0
L 11.62500088 102.68000038 12.37500192 102.68000038 1 P 0
L 11.74999936 111.624999 11.74999936 112.37500004 0 P 0
L 11.74999936 111.624999 13.25000144 111.624999 0 P 0
L 11.74999936 112.37500004 13.25000144 112.37500004 0 P 0
L 11.74999936 112.62499954 11.74999936 113.37500058 0 P 0
L 11.74999936 112.62499954 13.25000144 112.62499954 0 P 0
L 11.74999936 113.37500058 13.25000144 113.37500058 0 P 0
L 12.37499938 102.67999784 12.37499938 104.17999992 0 P 0
L 12.37500192 101.1799983 12.37500192 102.68000038 1 P 0
L 13.25000144 111.624999 13.25000144 112.37500004 0 P 0
L 13.25000144 112.62499954 13.25000144 113.37500058 0 P 0
L 13.50000094 91.99999888 13.50000094 106.99999936 4 P 0
L 13.50000094 91.99999888 24.49999926 91.99999888 4 P 0
L 13.50000094 106.99999936 24.49999926 106.99999936 4 P 0
L 13.99999994 78.99999694 13.99999994 86.99999618 1 P 0
L 13.99999994 78.99999694 21.99999918 78.99999694 1 P 0
L 13.99999994 86.99999618 21.99999918 86.99999618 1 P 0
L 14.0699998 29.24999992 14.0699998 30.750002 0 P 0
L 14.0699998 29.24999992 14.82000084 29.24999992 0 P 0
L 14.0699998 30.750002 14.82000084 30.750002 0 P 0
L 14.69999854 76.74999636 14.69999854 78.24999844 0 P 0
L 14.69999854 76.74999636 15.44999958 76.74999636 0 P 0
L 14.69999854 78.24999844 15.44999958 78.24999844 0 P 0
L 14.70000108 87.24999568 14.70000108 88.74999776 1 P 0
L 14.70000108 87.24999568 15.45000212 87.24999568 1 P 0
L 14.70000108 88.74999776 15.45000212 88.74999776 1 P 0
L 14.82000084 29.24999992 14.82000084 30.750002 0 P 0
L 15.00000048 31.5000005 15.00000048 38.50000174 1 P 0
L 15.35000232 111.84999982 15.35000232 116.15000138 3 P 0
L 15.35000232 111.84999982 22.65000296 111.84999982 3 P 0
L 15.35000232 116.15000138 22.65000296 116.15000138 3 P 0
L 15.44999958 76.74999636 15.44999958 78.24999844 0 P 0
L 15.45000212 87.24999568 15.45000212 88.74999776 1 P 0
L 15.99999848 76.74999636 15.99999848 78.24999844 0 P 0
L 15.99999848 76.74999636 16.74999952 76.74999636 0 P 0
L 15.99999848 78.24999844 16.74999952 78.24999844 0 P 0
L 16.74999952 76.74999636 16.74999952 78.24999844 0 P 0
L 16.92319958 107.24999886 16.92319958 108.75000094 1 P 0
L 16.92319958 107.24999886 17.67320062 107.24999886 1 P 0
L 16.92319958 108.75000094 17.67320062 108.75000094 1 P 0
L 17.29999842 76.74999636 17.29999842 78.24999844 0 P 0
L 17.29999842 76.74999636 18.04999946 76.74999636 0 P 0
L 17.29999842 78.24999844 18.04999946 78.24999844 0 P 0
L 17.29999842 89.24999676 17.29999842 90.74999884 0 P 0
L 17.29999842 89.24999676 18.04999946 89.24999676 0 P 0
L 17.29999842 90.74999884 18.04999946 90.74999884 0 P 0
L 17.30000096 87.24999568 17.30000096 88.74999776 1 P 0
L 17.30000096 87.24999568 18.050002 87.24999568 1 P 0
L 17.30000096 88.74999776 18.050002 88.74999776 1 P 0
L 17.67320062 107.24999886 17.67320062 108.75000094 1 P 0
L 18.04999946 76.74999636 18.04999946 78.24999844 0 P 0
L 18.04999946 89.24999676 18.04999946 90.74999884 0 P 0
L 18.050002 87.24999568 18.050002 88.74999776 1 P 0
L 18.59999836 76.74999636 18.59999836 78.24999844 0 P 0
L 18.59999836 76.74999636 19.3499994 76.74999636 0 P 0
L 18.59999836 78.24999844 19.3499994 78.24999844 0 P 0
L 18.59999836 89.24999676 18.59999836 90.74999884 0 P 0
L 18.59999836 89.24999676 19.3499994 89.24999676 0 P 0
L 18.59999836 90.74999884 19.3499994 90.74999884 0 P 0
L 18.6000009 87.24999568 18.6000009 88.74999776 1 P 0
L 18.6000009 87.24999568 19.35000194 87.24999568 1 P 0
L 18.6000009 88.74999776 19.35000194 88.74999776 1 P 0
L 18.62499958 107.24999886 18.62499958 108.75000094 0 P 0
L 18.62499958 107.24999886 19.37500062 107.24999886 0 P 0
L 18.62499958 108.75000094 19.37500062 108.75000094 0 P 0
L 19.3499994 76.74999636 19.3499994 78.24999844 0 P 0
L 19.3499994 89.24999676 19.3499994 90.74999884 0 P 0
L 19.35000194 87.24999568 19.35000194 88.74999776 1 P 0
L 19.37500062 107.24999886 19.37500062 108.75000094 0 P 0
L 19.8999983 76.74999636 19.8999983 78.24999844 0 P 0
L 19.8999983 76.74999636 20.64999934 76.74999636 0 P 0
L 19.8999983 78.24999844 20.64999934 78.24999844 0 P 0
L 19.8999983 89.24999676 19.8999983 90.74999884 0 P 0
L 19.8999983 89.24999676 20.64999934 89.24999676 0 P 0
L 19.8999983 90.74999884 20.64999934 90.74999884 0 P 0
L 19.90000084 87.24999568 19.90000084 88.74999776 1 P 0
L 19.90000084 87.24999568 20.65000188 87.24999568 1 P 0
L 19.90000084 88.74999776 20.65000188 88.74999776 1 P 0
L 20.32679958 107.24999886 20.32679958 108.75000094 1 P 0
L 20.32679958 107.24999886 21.07680062 107.24999886 1 P 0
L 20.32679958 108.75000094 21.07680062 108.75000094 1 P 0
L 20.64999934 76.74999636 20.64999934 78.24999844 0 P 0
L 20.64999934 89.24999676 20.64999934 90.74999884 0 P 0
L 20.65000188 87.24999568 20.65000188 88.74999776 1 P 0
L 21.07680062 107.24999886 21.07680062 108.75000094 1 P 0
L 21.20000078 76.74999636 21.20000078 78.24999844 0 P 0
L 21.20000078 76.74999636 21.95000182 76.74999636 0 P 0
L 21.20000078 78.24999844 21.95000182 78.24999844 0 P 0
L 21.20000078 87.24999568 21.20000078 88.74999776 1 P 0
L 21.20000078 87.24999568 21.95000182 87.24999568 1 P 0
L 21.20000078 88.74999776 21.95000182 88.74999776 1 P 0
L 21.95000182 76.74999636 21.95000182 78.24999844 0 P 0
L 21.95000182 87.24999568 21.95000182 88.74999776 1 P 0
L 21.99999918 78.99999694 21.99999918 86.99999618 1 P 0
L 22.02860212 107.24999886 22.02860212 108.75000094 1 P 0
L 22.02860212 107.24999886 22.77860316 107.24999886 1 P 0
L 22.02860212 108.75000094 22.77860316 108.75000094 1 P 0
L 22.50000072 76.74999636 22.50000072 78.24999844 0 P 0
L 22.50000072 76.74999636 23.25000176 76.74999636 0 P 0
L 22.50000072 78.24999844 23.25000176 78.24999844 0 P 0
L 22.50000072 87.24999568 22.50000072 88.74999776 0 P 0
L 22.50000072 87.24999568 23.25000176 87.24999568 0 P 0
L 22.50000072 88.74999776 23.25000176 88.74999776 0 P 0
L 22.65000296 111.84999982 22.65000296 116.15000138 3 P 0
L 22.77860316 107.24999886 22.77860316 108.75000094 1 P 0
L 23.25000176 76.74999636 23.25000176 78.24999844 0 P 0
L 23.25000176 87.24999568 23.25000176 88.74999776 0 P 0
L 24.12499874 112.40699896 24.12499874 113.90700104 0 P 0
L 24.12499874 112.40699896 24.87499978 112.40699896 0 P 0
L 24.12499874 113.90700104 24.87499978 113.90700104 0 P 0
L 24.49999926 91.99999888 24.49999926 106.99999936 4 P 0
L 24.87499978 112.40699896 24.87499978 113.90700104 0 P 0
L 25.12499928 112.40699896 25.12499928 113.90700104 0 P 0
L 25.12499928 112.40699896 25.87500032 112.40699896 0 P 0
L 25.12499928 113.90700104 25.87500032 113.90700104 0 P 0
L 25.87500032 112.40699896 25.87500032 113.90700104 0 P 0
L 26.99998664 89.00000488 26.99998664 93.0000045 2 P 0
L 26.99998664 89.00000488 30.9999888 89.00000488 2 P 0
L 26.99998664 93.0000045 30.9999888 93.0000045 2 P 0
L 27.30000128 112.09999678 27.30000128 113.89999826 2 P 0
L 27.30000128 112.09999678 30.69999956 112.09999678 2 P 0
L 27.30000128 113.89999826 30.69999956 113.89999826 2 P 0
L 27.74999784 114.33750056 27.74999784 115.0875016 0 P 0
L 27.74999784 114.33750056 29.24999992 114.33750056 0 P 0
L 27.74999784 115.0875016 29.24999992 115.0875016 0 P 0
L 28.24999938 103.62499976 28.24999938 104.3750008 0 P 0
L 28.24999938 103.62499976 29.75000146 103.62499976 0 P 0
L 28.24999938 104.3750008 29.75000146 104.3750008 0 P 0
L 28.24999938 104.6250003 28.24999938 105.37500134 1 P 0
L 28.24999938 104.6250003 29.75000146 104.6250003 1 P 0
L 28.24999938 105.37500134 29.75000146 105.37500134 1 P 0
L 28.24999938 105.6249983 28.24999938 106.37499934 0 P 0
L 28.24999938 105.6249983 29.75000146 105.6249983 0 P 0
L 28.24999938 106.37499934 29.75000146 106.37499934 0 P 0
L 28.24999938 106.62499884 28.24999938 107.37499988 1 P 0
L 28.24999938 106.62499884 29.75000146 106.62499884 1 P 0
L 28.24999938 107.37499988 29.75000146 107.37499988 1 P 0
L 28.39999908 107.74999786 28.39999908 109.24999994 1 P 0
L 28.39999908 107.74999786 29.59999922 107.74999786 1 P 0
L 28.39999908 109.24999994 29.59999922 109.24999994 1 P 0
L 28.6249872 95.25 28.6249872 96.75000208 1 P 0
L 28.6249872 95.25 29.37498824 95.25 1 P 0
L 28.6249872 96.75000208 29.37498824 96.75000208 1 P 0
L 28.82999822 93.62499944 28.82999822 94.37500048 0 P 0
L 28.82999822 93.62499944 30.3300003 93.62499944 0 P 0
L 28.82999822 94.37500048 30.3300003 94.37500048 0 P 0
L 28.82999822 97.37499956 28.82999822 98.1250006 0 P 0
L 28.82999822 97.37499956 30.3300003 97.37499956 0 P 0
L 28.82999822 98.1250006 30.3300003 98.1250006 0 P 0
L 29.00000042 45.50000044 29.00000042 74.49999832 1 P 0
L 29.24999992 114.33750056 29.24999992 115.0875016 0 P 0
L 29.37498824 95.25 29.37498824 96.75000208 1 P 0
L 29.59999922 107.74999786 29.59999922 109.24999994 1 P 0
L 29.75000146 103.62499976 29.75000146 104.3750008 0 P 0
L 29.75000146 104.6250003 29.75000146 105.37500134 1 P 0
L 29.75000146 105.6249983 29.75000146 106.37499934 0 P 0
L 29.75000146 106.62499884 29.75000146 107.37499988 1 P 0
L 29.85000126 114.2500001 29.85000126 116.75000018 1 P 0
L 29.85000126 114.2500001 31.1000013 114.2500001 1 P 0
L 29.85000126 116.75000018 31.1000013 116.75000018 1 P 0
L 30.3300003 93.62499944 30.3300003 94.37500048 0 P 0
L 30.3300003 97.37499956 30.3300003 98.1250006 0 P 0
L 30.49999996 44.0000009 30.49999996 50.0000016 1 P 0
L 30.49999996 44.0000009 44.50000244 44.0000009 1 P 0
L 30.49999996 50.0000016 44.50000244 50.0000016 1 P 0
L 30.69999956 112.09999678 30.69999956 113.89999826 2 P 0
L 30.9999888 89.00000488 30.9999888 93.0000045 2 P 0
L 31.1000013 114.2500001 31.1000013 116.75000018 1 P 0
L 31.8999997 114.2500001 31.8999997 116.75000018 1 P 0
L 31.8999997 114.2500001 33.14999974 114.2500001 1 P 0
L 31.8999997 116.75000018 33.14999974 116.75000018 1 P 0
L 32.12500052 74.75000036 32.12500052 76.25000244 1 P 0
L 32.12500052 74.75000036 32.87500156 74.75000036 1 P 0
L 32.12500052 76.25000244 32.87500156 76.25000244 1 P 0
L 32.12500052 76.7499989 32.12500052 78.25000098 1 P 0
L 32.12500052 76.7499989 32.87500156 76.7499989 1 P 0
L 32.12500052 78.25000098 32.87500156 78.25000098 1 P 0
L 32.12500052 78.74999998 32.12500052 80.25000206 1 P 0
L 32.12500052 78.74999998 32.87500156 78.74999998 1 P 0
L 32.12500052 80.25000206 32.87500156 80.25000206 1 P 0
L 32.30000144 112.09999932 32.30000144 113.9000008 2 P 0
L 32.30000144 112.09999932 35.69999972 112.09999932 2 P 0
L 32.30000144 113.9000008 35.69999972 113.9000008 2 P 0
L 32.62499952 55.64999792 32.62499952 57.15 1 P 0
L 32.62499952 55.64999792 33.37500056 55.64999792 1 P 0
L 32.62499952 57.15 33.37500056 57.15 1 P 0
L 32.87500156 74.75000036 32.87500156 76.25000244 1 P 0
L 32.87500156 76.7499989 32.87500156 78.25000098 1 P 0
L 32.87500156 78.74999998 32.87500156 80.25000206 1 P 0
L 33.12500106 74.75000036 33.12500106 76.25000244 1 P 0
L 33.12500106 74.75000036 33.8750021 74.75000036 1 P 0
L 33.12500106 76.25000244 33.8750021 76.25000244 1 P 0
L 33.12500106 76.7499989 33.12500106 78.25000098 1 P 0
L 33.12500106 76.7499989 33.8750021 76.7499989 1 P 0
L 33.12500106 78.25000098 33.8750021 78.25000098 1 P 0
L 33.12500106 78.74999998 33.12500106 80.25000206 1 P 0
L 33.12500106 78.74999998 33.8750021 78.74999998 1 P 0
L 33.12500106 80.25000206 33.8750021 80.25000206 1 P 0
L 33.14999974 114.2500001 33.14999974 116.75000018 1 P 0
L 33.37500056 55.64999792 33.37500056 57.15 1 P 0
L 33.50000412 53.49999968 33.50000412 57.50000184 1 P 0
L 33.50000412 53.49999968 41.50000336 53.49999968 1 P 0
L 33.50000412 57.50000184 41.50000336 57.50000184 1 P 0
L 33.74999854 114.33750056 33.74999854 115.0875016 0 P 0
L 33.74999854 114.33750056 35.25000062 114.33750056 0 P 0
L 33.74999854 115.0875016 35.25000062 115.0875016 0 P 0
L 33.8750021 74.75000036 33.8750021 76.25000244 1 P 0
L 33.8750021 76.7499989 33.8750021 78.25000098 1 P 0
L 33.8750021 78.74999998 33.8750021 80.25000206 1 P 0
L 34.0146005 50.24999856 34.0146005 51.75000064 0 P 0
L 34.0146005 50.24999856 34.76460154 50.24999856 0 P 0
L 34.0146005 51.75000064 34.76460154 51.75000064 0 P 0
L 34.12499906 74.75000036 34.12499906 76.25000244 0 P 0
L 34.12499906 74.75000036 34.8750001 74.75000036 0 P 0
L 34.12499906 76.25000244 34.8750001 76.25000244 0 P 0
L 34.12499906 76.7499989 34.12499906 78.25000098 0 P 0
L 34.12499906 76.7499989 34.8750001 76.7499989 0 P 0
L 34.12499906 78.25000098 34.8750001 78.25000098 0 P 0
L 34.12499906 78.74999998 34.12499906 80.25000206 0 P 0
L 34.12499906 78.74999998 34.8750001 78.74999998 0 P 0
L 34.12499906 80.25000206 34.8750001 80.25000206 0 P 0
L 34.76460154 50.24999856 34.76460154 51.75000064 0 P 0
L 34.8750001 74.75000036 34.8750001 76.25000244 0 P 0
L 34.8750001 76.7499989 34.8750001 78.25000098 0 P 0
L 34.8750001 78.74999998 34.8750001 80.25000206 0 P 0
L 35.00000112 58.49999984 35.00000112 64.499998 1 P 0
L 35.00000112 58.49999984 40.00000128 58.49999984 1 P 0
L 35.00000112 64.499998 40.00000128 64.499998 1 P 0
L 35.25000062 74.90000006 35.25000062 76.1000002 1 P 0
L 35.25000062 74.90000006 36.7500027 74.90000006 1 P 0
L 35.25000062 76.1000002 36.7500027 76.1000002 1 P 0
L 35.25000062 76.8999986 35.25000062 78.09999874 1 P 0
L 35.25000062 76.8999986 36.7500027 76.8999986 1 P 0
L 35.25000062 78.09999874 36.7500027 78.09999874 1 P 0
L 35.25000062 78.89999968 35.25000062 80.09999982 1 P 0
L 35.25000062 78.89999968 36.7500027 78.89999968 1 P 0
L 35.25000062 80.09999982 36.7500027 80.09999982 1 P 0
L 35.25000062 114.33750056 35.25000062 115.0875016 0 P 0
L 35.26460054 50.24999856 35.26460054 51.75000064 1 P 0
L 35.26460054 50.24999856 36.01460158 50.24999856 1 P 0
L 35.26460054 51.75000064 36.01460158 51.75000064 1 P 0
L 35.69999972 112.09999932 35.69999972 113.9000008 2 P 0
L 36.01460158 50.24999856 36.01460158 51.75000064 1 P 0
L 36.49000068 65.24999904 36.49000068 66.75000112 1 P 0
L 36.49000068 65.24999904 37.24000172 65.24999904 1 P 0
L 36.49000068 66.75000112 37.24000172 66.75000112 1 P 0
L 36.7500027 74.90000006 36.7500027 76.1000002 1 P 0
L 36.7500027 76.8999986 36.7500027 78.09999874 1 P 0
L 36.7500027 78.89999968 36.7500027 80.09999982 1 P 0
L 37.12500068 74.75000036 37.12500068 76.25000244 1 P 0
L 37.12500068 74.75000036 37.87500172 74.75000036 1 P 0
L 37.12500068 76.25000244 37.87500172 76.25000244 1 P 0
L 37.12500068 76.7499989 37.12500068 78.25000098 1 P 0
L 37.12500068 76.7499989 37.87500172 76.7499989 1 P 0
L 37.12500068 78.25000098 37.87500172 78.25000098 1 P 0
L 37.12500068 78.74999998 37.12500068 80.25000206 1 P 0
L 37.12500068 78.74999998 37.87500172 78.74999998 1 P 0
L 37.12500068 80.25000206 37.87500172 80.25000206 1 P 0
L 37.24000172 65.24999904 37.24000172 66.75000112 1 P 0
L 37.24998646 111.67499636 37.24998646 112.4249974 1 P 0
L 37.24998646 111.67499636 38.74998854 111.67499636 1 P 0
L 37.24998646 112.4249974 38.74998854 112.4249974 1 P 0
L 37.24998646 112.624997 37.24998646 113.37499804 0 P 0
L 37.24998646 112.624997 38.74998854 112.624997 0 P 0
L 37.24998646 113.37499804 38.74998854 113.37499804 0 P 0
L 37.24998646 113.57499764 37.24998646 114.32499868 0 P 0
L 37.24998646 113.57499764 38.74998854 113.57499764 0 P 0
L 37.24998646 114.32499868 38.74998854 114.32499868 0 P 0
L 37.76000068 65.24999904 37.76000068 66.75000112 0 P 0
L 37.76000068 65.24999904 38.51000172 65.24999904 0 P 0
L 37.76000068 66.75000112 38.51000172 66.75000112 0 P 0
L 37.87500172 74.75000036 37.87500172 76.25000244 1 P 0
L 37.87500172 76.7499989 37.87500172 78.25000098 1 P 0
L 37.87500172 78.74999998 37.87500172 80.25000206 1 P 0
L 38.12500122 74.75000036 38.12500122 76.25000244 0 P 0
L 38.12500122 74.75000036 38.87500226 74.75000036 0 P 0
L 38.12500122 76.25000244 38.87500226 76.25000244 0 P 0
L 38.12500122 76.7499989 38.12500122 78.25000098 0 P 0
L 38.12500122 76.7499989 38.87500226 76.7499989 0 P 0
L 38.12500122 78.25000098 38.87500226 78.25000098 0 P 0
L 38.12500122 78.74999998 38.12500122 80.25000206 0 P 0
L 38.12500122 78.74999998 38.87500226 78.74999998 0 P 0
L 38.12500122 80.25000206 38.87500226 80.25000206 0 P 0
L 38.51000172 65.24999904 38.51000172 66.75000112 0 P 0
L 38.74998854 111.67499636 38.74998854 112.4249974 1 P 0
L 38.74998854 112.624997 38.74998854 113.37499804 0 P 0
L 38.74998854 113.57499764 38.74998854 114.32499868 0 P 0
L 38.87500226 74.75000036 38.87500226 76.25000244 0 P 0
L 38.87500226 76.7499989 38.87500226 78.25000098 0 P 0
L 38.87500226 78.74999998 38.87500226 80.25000206 0 P 0
L 39.01460066 50.24999856 39.01460066 51.75000064 1 P 0
L 39.01460066 50.24999856 39.7646017 50.24999856 1 P 0
L 39.01460066 51.75000064 39.7646017 51.75000064 1 P 0
L 39.03000322 65.24999904 39.03000322 66.75000112 1 P 0
L 39.03000322 65.24999904 39.78000426 65.24999904 1 P 0
L 39.03000322 66.75000112 39.78000426 66.75000112 1 P 0
L 39.49998704 111.49999798 39.49998704 114.49999706 1 P 0
L 39.49998704 111.49999798 42.49998612 111.49999798 1 P 0
L 39.49998704 114.49999706 42.49998612 114.49999706 1 P 0
L 39.7646017 50.24999856 39.7646017 51.75000064 1 P 0
L 39.78000426 65.24999904 39.78000426 66.75000112 1 P 0
L 40.00000128 58.49999984 40.00000128 64.499998 1 P 0
L 40.12499976 58.149998 40.12499976 59.65000008 0 P 0
L 40.12499976 58.149998 40.8750008 58.149998 0 P 0
L 40.12499976 59.65000008 40.8750008 59.65000008 0 P 0
L 40.25540082 76.66179994 40.25540082 78.33819994 1 P 0
L 40.25540082 76.66179994 42.74460082 76.66179994 1 P 0
L 40.25540082 78.33819994 42.74460082 78.33819994 1 P 0
L 40.2646007 50.24999856 40.2646007 51.75000064 0 P 0
L 40.2646007 50.24999856 41.01460174 50.24999856 0 P 0
L 40.2646007 51.75000064 41.01460174 51.75000064 0 P 0
L 40.8750008 58.149998 40.8750008 59.65000008 0 P 0
L 41.01460174 50.24999856 41.01460174 51.75000064 0 P 0
L 41.50000336 53.49999968 41.50000336 57.50000184 1 P 0
L 41.6249993 55.64999792 41.6249993 57.15 1 P 0
L 41.6249993 55.64999792 42.37500034 55.64999792 1 P 0
L 41.6249993 57.15 42.37500034 57.15 1 P 0
L 42.37500034 55.64999792 42.37500034 57.15 1 P 0
L 42.49998612 111.49999798 42.49998612 114.49999706 1 P 0
L 42.74460082 76.66179994 42.74460082 78.33819994 1 P 0
L 43.04499392 111.67499636 43.04499392 112.4249974 0 P 0
L 43.04499392 111.67499636 44.544996 111.67499636 0 P 0
L 43.04499392 112.4249974 44.544996 112.4249974 0 P 0
L 43.04499392 112.624997 43.04499392 113.37499804 0 P 0
L 43.04499392 112.624997 44.544996 112.624997 0 P 0
L 43.04499392 113.37499804 44.544996 113.37499804 0 P 0
L 43.12500138 76.7499989 43.12500138 78.25000098 0 P 0
L 43.12500138 76.7499989 43.87500242 76.7499989 0 P 0
L 43.12500138 78.25000098 43.87500242 78.25000098 0 P 0
L 43.87500242 76.7499989 43.87500242 78.25000098 0 P 0
L 44.50000244 44.0000009 44.50000244 50.0000016 1 P 0
L 44.544996 111.67499636 44.544996 112.4249974 0 P 0
L 44.544996 112.624997 44.544996 113.37499804 0 P 0
L 45.4999979 44.0000009 45.4999979 50.0000016 1 P 0
L 45.4999979 44.0000009 59.50000038 44.0000009 1 P 0
L 45.4999979 50.0000016 59.50000038 50.0000016 1 P 0
L 45.7624942 111.42499686 45.7624942 112.6749969 1 P 0
L 45.7624942 111.42499686 48.26249428 111.42499686 1 P 0
L 45.7624942 112.6749969 48.26249428 112.6749969 1 P 0
L 45.79999222 113.49999652 45.79999222 117.49999614 2 P 0
L 45.79999222 113.49999652 49.79999438 113.49999652 2 P 0
L 45.79999222 117.49999614 49.79999438 117.49999614 2 P 0
L 47.625 55.65000046 47.625 57.15000254 1 P 0
L 47.625 55.65000046 48.37500104 55.65000046 1 P 0
L 47.625 57.15000254 48.37500104 57.15000254 1 P 0
L 48.26249428 111.42499686 48.26249428 112.6749969 1 P 0
L 48.37500104 55.65000046 48.37500104 57.15000254 1 P 0
L 48.50000206 53.49999968 48.50000206 57.50000184 1 P 0
L 48.50000206 53.49999968 56.5000013 53.49999968 1 P 0
L 48.50000206 57.50000184 56.5000013 57.50000184 1 P 0
L 49.01459844 50.24999856 49.01459844 51.75000064 0 P 0
L 49.01459844 50.24999856 49.76459948 50.24999856 0 P 0
L 49.01459844 51.75000064 49.76459948 51.75000064 0 P 0
L 49.76459948 50.24999856 49.76459948 51.75000064 0 P 0
L 49.79999438 113.49999652 49.79999438 117.49999614 2 P 0
L 49.99999906 58.49999984 49.99999906 64.499998 1 P 0
L 49.99999906 58.49999984 54.99999922 58.49999984 1 P 0
L 49.99999906 64.499998 54.99999922 64.499998 1 P 0
L 50.26459848 50.24999856 50.26459848 51.75000064 1 P 0
L 50.26459848 50.24999856 51.01459952 50.24999856 1 P 0
L 50.26459848 51.75000064 51.01459952 51.75000064 1 P 0
L 51.01459952 50.24999856 51.01459952 51.75000064 1 P 0
L 51.48999862 65.25000158 51.48999862 66.75000366 1 P 0
L 51.48999862 65.25000158 52.23999966 65.25000158 1 P 0
L 51.48999862 66.75000366 52.23999966 66.75000366 1 P 0
L 52.23999966 65.25000158 52.23999966 66.75000366 1 P 0
L 52.75999862 65.24999904 52.75999862 66.75000112 0 P 0
L 52.75999862 65.24999904 53.50999966 65.24999904 0 P 0
L 52.75999862 66.75000112 53.50999966 66.75000112 0 P 0
L 53.25000018 114.62500062 53.25000018 115.37500166 1 P 0
L 53.25000018 114.62500062 54.75000226 114.62500062 1 P 0
L 53.25000018 115.37500166 54.75000226 115.37500166 1 P 0
L 53.25000018 115.62499862 53.25000018 116.37499966 0 P 0
L 53.25000018 115.62499862 54.75000226 115.62499862 0 P 0
L 53.25000018 116.37499966 54.75000226 116.37499966 0 P 0
L 53.25000018 116.62499916 53.25000018 117.3750002 1 P 0
L 53.25000018 116.62499916 54.75000226 116.62499916 1 P 0
L 53.25000018 117.3750002 54.75000226 117.3750002 1 P 0
L 53.39999988 112.74999802 53.39999988 114.2500001 1 P 0
L 53.39999988 112.74999802 54.60000002 112.74999802 1 P 0
L 53.39999988 114.2500001 54.60000002 114.2500001 1 P 0
L 53.50999966 65.24999904 53.50999966 66.75000112 0 P 0
L 54.0145986 50.24999856 54.0145986 51.75000064 1 P 0
L 54.0145986 50.24999856 54.76459964 50.24999856 1 P 0
L 54.0145986 51.75000064 54.76459964 51.75000064 1 P 0
L 54.03000116 65.24999904 54.03000116 66.75000112 1 P 0
L 54.03000116 65.24999904 54.7800022 65.24999904 1 P 0
L 54.03000116 66.75000112 54.7800022 66.75000112 1 P 0
L 54.60000002 112.74999802 54.60000002 114.2500001 1 P 0
L 54.75000226 114.62500062 54.75000226 115.37500166 1 P 0
L 54.75000226 115.62499862 54.75000226 116.37499966 0 P 0
L 54.75000226 116.62499916 54.75000226 117.3750002 1 P 0
L 54.76459964 50.24999856 54.76459964 51.75000064 1 P 0
L 54.7800022 65.24999904 54.7800022 66.75000112 1 P 0
L 54.99999922 58.49999984 54.99999922 64.499998 1 P 0
L 55.12500024 58.149998 55.12500024 59.65000008 0 P 0
L 55.12500024 58.149998 55.87500128 58.149998 0 P 0
L 55.12500024 59.65000008 55.87500128 59.65000008 0 P 0
L 55.24999872 114.62500062 55.24999872 115.37500166 1 P 0
L 55.24999872 114.62500062 56.7500008 114.62500062 1 P 0
L 55.24999872 115.37500166 56.7500008 115.37500166 1 P 0
L 55.24999872 115.62499862 55.24999872 116.37499966 0 P 0
L 55.24999872 115.62499862 56.7500008 115.62499862 0 P 0
L 55.24999872 116.37499966 56.7500008 116.37499966 0 P 0
L 55.24999872 116.62499916 55.24999872 117.3750002 1 P 0
L 55.24999872 116.62499916 56.7500008 116.62499916 1 P 0
L 55.24999872 117.3750002 56.7500008 117.3750002 1 P 0
L 55.26459864 50.24999856 55.26459864 51.75000064 0 P 0
L 55.26459864 50.24999856 56.01459968 50.24999856 0 P 0
L 55.26459864 51.75000064 56.01459968 51.75000064 0 P 0
L 55.39999842 112.74999802 55.39999842 114.2500001 1 P 0
L 55.39999842 112.74999802 56.59999856 112.74999802 1 P 0
L 55.39999842 114.2500001 56.59999856 114.2500001 1 P 0
L 55.87500128 58.149998 55.87500128 59.65000008 0 P 0
L 56.01459968 50.24999856 56.01459968 51.75000064 0 P 0
L 56.5000013 53.49999968 56.5000013 57.50000184 1 P 0
L 56.5000013 72.49999978 56.5000013 82.5000001 1 P 0
L 56.5000013 72.49999978 65.00000208 72.49999978 1 P 0
L 56.5000013 82.5000001 65.00000208 82.5000001 1 P 0
L 56.59999856 112.74999802 56.59999856 114.2500001 1 P 0
L 56.62499978 55.64999792 56.62499978 57.15 1 P 0
L 56.62499978 55.64999792 57.37500082 55.64999792 1 P 0
L 56.62499978 57.15 57.37500082 57.15 1 P 0
L 56.7500008 114.62500062 56.7500008 115.37500166 1 P 0
L 56.7500008 115.62499862 56.7500008 116.37499966 0 P 0
L 56.7500008 116.62499916 56.7500008 117.3750002 1 P 0
L 57.2499998 114.62500062 57.2499998 115.37500166 1 P 0
L 57.2499998 114.62500062 58.75000188 114.62500062 1 P 0
L 57.2499998 115.37500166 58.75000188 115.37500166 1 P 0
L 57.2499998 115.62499862 57.2499998 116.37499966 0 P 0
L 57.2499998 115.62499862 58.75000188 115.62499862 0 P 0
L 57.2499998 116.37499966 58.75000188 116.37499966 0 P 0
L 57.2499998 116.62499916 57.2499998 117.3750002 1 P 0
L 57.2499998 116.62499916 58.75000188 116.62499916 1 P 0
L 57.2499998 117.3750002 58.75000188 117.3750002 1 P 0
L 57.37500082 55.64999792 57.37500082 57.15 1 P 0
L 57.3999995 112.74999802 57.3999995 114.2500001 1 P 0
L 57.3999995 112.74999802 58.59999964 112.74999802 1 P 0
L 57.3999995 114.2500001 58.59999964 114.2500001 1 P 0
L 58.59999964 112.74999802 58.59999964 114.2500001 1 P 0
L 58.75000188 114.62500062 58.75000188 115.37500166 1 P 0
L 58.75000188 115.62499862 58.75000188 116.37499966 0 P 0
L 58.75000188 116.62499916 58.75000188 117.3750002 1 P 0
L 59.50000038 44.0000009 59.50000038 50.0000016 1 P 0
L 61.24999942 88.62499928 61.24999942 89.37500032 1 P 0
L 61.24999942 88.62499928 62.7500015 88.62499928 1 P 0
L 61.24999942 89.37500032 62.7500015 89.37500032 1 P 0
L 61.24999942 90.62500036 61.24999942 91.3750014 0 P 0
L 61.24999942 90.62500036 62.7500015 90.62500036 0 P 0
L 61.24999942 91.3750014 62.7500015 91.3750014 0 P 0
L 61.24999942 94.62499998 61.24999942 95.37500102 0 P 0
L 61.24999942 94.62499998 62.7500015 94.62499998 0 P 0
L 61.24999942 95.37500102 62.7500015 95.37500102 0 P 0
L 61.24999942 95.62500052 61.24999942 96.37500156 1 P 0
L 61.24999942 95.62500052 62.7500015 95.62500052 1 P 0
L 61.24999942 96.37500156 62.7500015 96.37500156 1 P 0
L 61.24999942 96.62499852 61.24999942 97.37499956 0 P 0
L 61.24999942 96.62499852 62.7500015 96.62499852 0 P 0
L 61.24999942 97.37499956 62.7500015 97.37499956 0 P 0
L 61.24999942 101.62499868 61.24999942 102.37499972 1 P 0
L 61.24999942 101.62499868 62.7500015 101.62499868 1 P 0
L 61.24999942 102.37499972 62.7500015 102.37499972 1 P 0
L 61.24999942 102.62499922 61.24999942 103.37500026 1 P 0
L 61.24999942 102.62499922 62.7500015 102.62499922 1 P 0
L 61.24999942 103.37500026 62.7500015 103.37500026 1 P 0
L 61.24999942 103.62499976 61.24999942 104.3750008 0 P 0
L 61.24999942 103.62499976 62.7500015 103.62499976 0 P 0
L 61.24999942 104.3750008 62.7500015 104.3750008 0 P 0
L 61.24999942 106.62499884 61.24999942 107.37499988 1 P 0
L 61.24999942 106.62499884 62.7500015 106.62499884 1 P 0
L 61.24999942 107.37499988 62.7500015 107.37499988 1 P 0
L 61.24999942 107.62499938 61.24999942 108.37500042 0 P 0
L 61.24999942 107.62499938 62.7500015 107.62499938 0 P 0
L 61.24999942 108.37500042 62.7500015 108.37500042 0 P 0
L 61.24999942 108.62499992 61.24999942 109.37500096 1 P 0
L 61.24999942 108.62499992 62.7500015 108.62499992 1 P 0
L 61.24999942 109.37500096 62.7500015 109.37500096 1 P 0
L 61.24999942 109.62500046 61.24999942 110.3750015 0 P 0
L 61.24999942 109.62500046 62.7500015 109.62500046 0 P 0
L 61.24999942 110.3750015 62.7500015 110.3750015 0 P 0
L 61.25000196 89.62499982 61.25000196 90.37500086 1 P 0
L 61.25000196 89.62499982 62.75000404 89.62499982 1 P 0
L 61.25000196 90.37500086 62.75000404 90.37500086 1 P 0
L 61.25000196 93.62499944 61.25000196 94.37500048 1 P 0
L 61.25000196 93.62499944 62.75000404 93.62499944 1 P 0
L 61.25000196 94.37500048 62.75000404 94.37500048 1 P 0
L 61.25000196 100.62500068 61.25000196 101.37500172 1 P 0
L 61.25000196 100.62500068 62.75000404 100.62500068 1 P 0
L 61.25000196 101.37500172 62.75000404 101.37500172 1 P 0
L 61.40000166 91.74999938 61.40000166 93.25000146 1 P 0
L 61.40000166 91.74999938 62.6000018 91.74999938 1 P 0
L 61.40000166 93.25000146 62.6000018 93.25000146 1 P 0
L 61.40000166 104.74999878 61.40000166 106.25000086 1 P 0
L 61.40000166 104.74999878 62.6000018 104.74999878 1 P 0
L 61.40000166 106.25000086 62.6000018 106.25000086 1 P 0
L 62.6000018 91.74999938 62.6000018 93.25000146 1 P 0
L 62.6000018 104.74999878 62.6000018 106.25000086 1 P 0
L 62.7500015 88.62499928 62.7500015 89.37500032 1 P 0
L 62.7500015 90.62500036 62.7500015 91.3750014 0 P 0
L 62.7500015 94.62499998 62.7500015 95.37500102 0 P 0
L 62.7500015 95.62500052 62.7500015 96.37500156 1 P 0
L 62.7500015 96.62499852 62.7500015 97.37499956 0 P 0
L 62.7500015 101.62499868 62.7500015 102.37499972 1 P 0
L 62.7500015 102.62499922 62.7500015 103.37500026 1 P 0
L 62.7500015 103.62499976 62.7500015 104.3750008 0 P 0
L 62.7500015 106.62499884 62.7500015 107.37499988 1 P 0
L 62.7500015 107.62499938 62.7500015 108.37500042 0 P 0
L 62.7500015 108.62499992 62.7500015 109.37500096 1 P 0
L 62.7500015 109.62500046 62.7500015 110.3750015 0 P 0
L 62.75000404 89.62499982 62.75000404 90.37500086 1 P 0
L 62.75000404 93.62499944 62.75000404 94.37500048 1 P 0
L 62.75000404 100.62500068 62.75000404 101.37500172 1 P 0
L 65.00000208 72.49999978 65.00000208 82.5000001 1 P 0
