#Layer_Color=32896
#
#Feature symbol names
#
$0 r1.9685

#
#Feature attribute names
#

#
#Layer features
#
L 0.6744724 3.296252 0.6744724 3.3277481 0 P 0
L 0.6744724 3.296252 0.7335276 3.296252 0 P 0
L 0.6744724 3.3277481 0.7335276 3.3277481 0 P 0
L 0.692189 3.312 0.715811 3.312 0 P 0
L 0.704 3.300189 0.704 3.323811 0 P 0
L 0.7335276 3.296252 0.7335276 3.3277481 0 P 0
L 0.9153543 3.1450393 0.9153543 3.1765354 0 P 0
L 0.9153543 3.1450393 0.9744095 3.1450393 0 P 0
L 0.9153543 3.1765354 0.9744095 3.1765354 0 P 0
L 0.9153543 3.1844094 0.9153543 3.2159055 0 P 0
L 0.9153543 3.1844094 0.9744095 3.1844094 0 P 0
L 0.9153543 3.2159055 0.9744095 3.2159055 0 P 0
L 0.9153543 3.2237796 0.9153543 3.2552757 0 P 0
L 0.9153543 3.2237796 0.9744095 3.2237796 0 P 0
L 0.9153543 3.2552757 0.9744095 3.2552757 0 P 0
L 0.9330709 3.1607874 0.9566929 3.1607874 0 P 0
L 0.9330709 3.2001575 0.9566929 3.2001575 0 P 0
L 0.9330709 3.2395276 0.9566929 3.2395276 0 P 0
L 0.9448819 3.1489764 0.9448819 3.1725984 0 P 0
L 0.9448819 3.1883465 0.9448819 3.2119685 0 P 0
L 0.9448819 3.2277166 0.9448819 3.2513386 0 P 0
L 0.9744095 3.1450393 0.9744095 3.1765354 0 P 0
L 0.9744095 3.1844094 0.9744095 3.2159055 0 P 0
L 0.9744095 3.2237796 0.9744095 3.2552757 0 P 0
L 1.5289134 0.8439684 1.5289134 1.1839684 0 P 0
L 1.5289134 0.8439684 1.7689134 0.8439684 0 P 0
L 1.5289134 1.1839684 1.7689134 1.1839684 0 P 0
L 1.6811024 1.0139684 1.7047244 1.0139684 0 P 0
L 1.6929134 1.0021574 1.6929134 1.0257794 0 P 0
L 1.7689134 0.8439684 1.7689134 1.1839684 0 P 0
L 1.7755906 0.9844408 1.7755906 1.043496 0 P 0
L 1.7755906 0.9844408 1.8070867 0.9844408 0 P 0
L 1.7755906 1.043496 1.8070867 1.043496 0 P 0
L 1.7755906 5.7429134 1.7755906 5.8019686 0 P 0
L 1.7755906 5.7429134 1.8070867 5.7429134 0 P 0
L 1.7755906 5.8019686 1.8070867 5.8019686 0 P 0
L 1.7755906 5.8177166 1.7755906 5.8767718 0 P 0
L 1.7755906 5.8177166 1.8070867 5.8177166 0 P 0
L 1.7755906 5.8767718 1.8070867 5.8767718 0 P 0
L 1.7795276 1.0139684 1.8031496 1.0139684 0 P 0
L 1.7795276 5.772441 1.8031496 5.772441 0 P 0
L 1.7795276 5.8472442 1.8031496 5.8472442 0 P 0
L 1.7913386 1.0021574 1.7913386 1.0257794 0 P 0
L 1.7913386 5.76063 1.7913386 5.784252 0 P 0
L 1.7913386 5.8354332 1.7913386 5.8590552 0 P 0
L 1.8070867 0.9844408 1.8070867 1.043496 0 P 0
L 1.8070867 5.7429134 1.8070867 5.8019686 0 P 0
L 1.8070867 5.8177166 1.8070867 5.8767718 0 P 0
L 1.8149606 5.8177166 1.8149606 5.8767718 0 P 0
L 1.8149606 5.8177166 1.8464567 5.8177166 0 P 0
L 1.8149606 5.8767718 1.8464567 5.8767718 0 P 0
L 1.8149607 0.9844408 1.8149607 1.043496 0 P 0
L 1.8149607 0.9844408 1.8464568 0.9844408 0 P 0
L 1.8149607 1.043496 1.8464568 1.043496 0 P 0
L 1.8149607 5.7429134 1.8149607 5.8019686 0 P 0
L 1.8149607 5.7429134 1.8464568 5.7429134 0 P 0
L 1.8149607 5.8019686 1.8464568 5.8019686 0 P 0
L 1.8188977 1.0139684 1.8425197 1.0139684 0 P 0
L 1.8188977 5.772441 1.8425197 5.772441 0 P 0
L 1.8188977 5.8472442 1.8425197 5.8472442 0 P 0
L 1.8203937 3.9316929 1.8203937 3.9816929 0 P 0
L 1.8203937 3.9316929 1.8803937 3.9316929 0 P 0
L 1.8203937 3.9816929 1.8803937 3.9816929 0 P 0
L 1.8208661 2.3877952 1.8208661 2.4192913 0 P 0
L 1.8208661 2.3877952 1.8799213 2.3877952 0 P 0
L 1.8208661 2.4192913 1.8799213 2.4192913 0 P 0
L 1.8208661 2.4251968 1.8208661 2.4566929 0 P 0
L 1.8208661 2.4251968 1.8799213 2.4251968 0 P 0
L 1.8208661 2.4566929 1.8799213 2.4566929 0 P 0
L 1.8208661 2.4625985 1.8208661 2.4940946 0 P 0
L 1.8208661 2.4625985 1.8799213 2.4625985 0 P 0
L 1.8208661 2.4940946 1.8799213 2.4940946 0 P 0
L 1.8208661 2.5452755 1.8208661 2.5767716 0 P 0
L 1.8208661 2.5452755 1.8799213 2.5452755 0 P 0
L 1.8208661 2.5767716 1.8799213 2.5767716 0 P 0
L 1.8208661 2.6200787 1.8208661 2.6515748 0 P 0
L 1.8208661 2.6200787 1.8799213 2.6200787 0 P 0
L 1.8208661 2.6515748 1.8799213 2.6515748 0 P 0
L 1.8208661 3.7637796 1.8208661 3.7952757 0 P 0
L 1.8208661 3.7637796 1.8799213 3.7637796 0 P 0
L 1.8208661 3.7952757 1.8799213 3.7952757 0 P 0
L 1.8208661 3.8031496 1.8208661 3.8346457 0 P 0
L 1.8208661 3.8031496 1.8799213 3.8031496 0 P 0
L 1.8208661 3.8346457 1.8799213 3.8346457 0 P 0
L 1.8208661 3.8425197 1.8208661 3.8740158 0 P 0
L 1.8208661 3.8425197 1.8799213 3.8425197 0 P 0
L 1.8208661 3.8740158 1.8799213 3.8740158 0 P 0
L 1.8208661 3.8818898 1.8208661 3.9133859 0 P 0
L 1.8208661 3.8818898 1.8799213 3.8818898 0 P 0
L 1.8208661 3.9133859 1.8799213 3.9133859 0 P 0
L 1.8208661 3.9999999 1.8208661 4.031496 0 P 0
L 1.8208661 3.9999999 1.8799213 3.9999999 0 P 0
L 1.8208661 4.031496 1.8799213 4.031496 0 P 0
L 1.8208661 4.0393701 1.8208661 4.0708662 0 P 0
L 1.8208661 4.0393701 1.8799213 4.0393701 0 P 0
L 1.8208661 4.0708662 1.8799213 4.0708662 0 P 0
L 1.8208661 4.0787401 1.8208661 4.1102362 0 P 0
L 1.8208661 4.0787401 1.8799213 4.0787401 0 P 0
L 1.8208661 4.1102362 1.8799213 4.1102362 0 P 0
L 1.8208661 4.1279528 1.8208661 4.1594489 0 P 0
L 1.8208661 4.1279528 1.8799213 4.1279528 0 P 0
L 1.8208661 4.1594489 1.8799213 4.1594489 0 P 0
L 1.8239133 3.0474567 1.8239133 3.6454567 0 P 0
L 1.8239133 3.0474567 2.3959133 3.0474567 0 P 0
L 1.8239133 3.6454567 2.3959133 3.6454567 0 P 0
L 1.8307087 1.0021574 1.8307087 1.0257794 0 P 0
L 1.8307087 5.76063 1.8307087 5.784252 0 P 0
L 1.8307087 5.8354332 1.8307087 5.8590552 0 P 0
L 1.8385827 2.4035433 1.8622047 2.4035433 0 P 0
L 1.8385827 2.4409449 1.8622047 2.4409449 0 P 0
L 1.8385827 2.4783465 1.8622047 2.4783465 0 P 0
L 1.8385827 2.5610236 1.8622047 2.5610236 0 P 0
L 1.8385827 2.6358268 1.8622047 2.6358268 0 P 0
L 1.8385827 3.7795276 1.8622047 3.7795276 0 P 0
L 1.8385827 3.8188976 1.8622047 3.8188976 0 P 0
L 1.8385827 3.8582677 1.8622047 3.8582677 0 P 0
L 1.8385827 3.8976378 1.8622047 3.8976378 0 P 0
L 1.8385827 3.9566929 1.8622047 3.9566929 0 P 0
L 1.8385827 4.015748 1.8622047 4.015748 0 P 0
L 1.8385827 4.0551181 1.8622047 4.0551181 0 P 0
L 1.8385827 4.0944882 1.8622047 4.0944882 0 P 0
L 1.8385827 4.1437009 1.8622047 4.1437009 0 P 0
L 1.8464567 5.8177166 1.8464567 5.8767718 0 P 0
L 1.8464568 0.9844408 1.8464568 1.043496 0 P 0
L 1.8464568 5.7429134 1.8464568 5.8019686 0 P 0
L 1.8503937 2.3917323 1.8503937 2.4153543 0 P 0
L 1.8503937 2.4291339 1.8503937 2.4527559 0 P 0
L 1.8503937 2.4665355 1.8503937 2.4901575 0 P 0
L 1.8503937 2.5492126 1.8503937 2.5728346 0 P 0
L 1.8503937 2.6240158 1.8503937 2.6476378 0 P 0
L 1.8503937 3.7677166 1.8503937 3.7913386 0 P 0
L 1.8503937 3.8070866 1.8503937 3.8307086 0 P 0
L 1.8503937 3.8464567 1.8503937 3.8700787 0 P 0
L 1.8503937 3.8858268 1.8503937 3.9094488 0 P 0
L 1.8503937 3.9448819 1.8503937 3.9685039 0 P 0
L 1.8503937 4.003937 1.8503937 4.027559 0 P 0
L 1.8503937 4.0433071 1.8503937 4.0669291 0 P 0
L 1.8503937 4.0826772 1.8503937 4.1062992 0 P 0
L 1.8503937 4.1318899 1.8503937 4.1555119 0 P 0
L 1.8602362 4.9055118 1.8602362 4.9370079 0 P 0
L 1.8602362 4.9055118 1.9192914 4.9055118 0 P 0
L 1.8602362 4.9370079 1.9192914 4.9370079 0 P 0
L 1.8602362 4.9448818 1.8602362 4.9763779 0 P 0
L 1.8602362 4.9448818 1.9192914 4.9448818 0 P 0
L 1.8602362 4.9763779 1.9192914 4.9763779 0 P 0
L 1.8602362 4.984252 1.8602362 5.0157481 0 P 0
L 1.8602362 4.984252 1.9192914 4.984252 0 P 0
L 1.8602362 5.0157481 1.9192914 5.0157481 0 P 0
L 1.8602362 5.0236221 1.8602362 5.0551182 0 P 0
L 1.8602362 5.0236221 1.9192914 5.0236221 0 P 0
L 1.8602362 5.0551182 1.9192914 5.0551182 0 P 0
L 1.8602362 5.1811024 1.8602362 5.2125985 0 P 0
L 1.8602362 5.1811024 1.9192914 5.1811024 0 P 0
L 1.8602362 5.2125985 1.9192914 5.2125985 0 P 0
L 1.8602362 5.2204724 1.8602362 5.2519685 0 P 0
L 1.8602362 5.2204724 1.9192914 5.2204724 0 P 0
L 1.8602362 5.2519685 1.9192914 5.2519685 0 P 0
L 1.8602362 5.2598426 1.8602362 5.2913387 0 P 0
L 1.8602362 5.2598426 1.9192914 5.2598426 0 P 0
L 1.8602362 5.2913387 1.9192914 5.2913387 0 P 0
L 1.8602362 5.2992126 1.8602362 5.3307087 0 P 0
L 1.8602362 5.2992126 1.9192914 5.2992126 0 P 0
L 1.8602362 5.3307087 1.9192914 5.3307087 0 P 0
L 1.8602362 5.4566929 1.8602362 5.488189 0 P 0
L 1.8602362 5.4566929 1.9192914 5.4566929 0 P 0
L 1.8602362 5.488189 1.9192914 5.488189 0 P 0
L 1.8602362 5.4960629 1.8602362 5.527559 0 P 0
L 1.8602362 5.4960629 1.9192914 5.4960629 0 P 0
L 1.8602362 5.527559 1.9192914 5.527559 0 P 0
L 1.8602362 5.5354331 1.8602362 5.5669292 0 P 0
L 1.8602362 5.5354331 1.9192914 5.5354331 0 P 0
L 1.8602362 5.5669292 1.9192914 5.5669292 0 P 0
L 1.8602362 5.5748032 1.8602362 5.6062993 0 P 0
L 1.8602362 5.5748032 1.9192914 5.5748032 0 P 0
L 1.8602362 5.6062993 1.9192914 5.6062993 0 P 0
L 1.8641339 5.7667717 1.8641339 5.8867717 0 P 0
L 1.8641339 5.7667717 1.9931339 5.7667717 0 P 0
L 1.8641339 5.8867717 1.9931339 5.8867717 0 P 0
L 1.8779528 4.9212598 1.9015748 4.9212598 0 P 0
L 1.8779528 4.9606299 1.9015748 4.9606299 0 P 0
L 1.8779528 5 1.9015748 5 0 P 0
L 1.8779528 5.0393701 1.9015748 5.0393701 0 P 0
L 1.8779528 5.1968504 1.9015748 5.1968504 0 P 0
L 1.8779528 5.2362205 1.9015748 5.2362205 0 P 0
L 1.8779528 5.2755906 1.9015748 5.2755906 0 P 0
L 1.8779528 5.3149606 1.9015748 5.3149606 0 P 0
L 1.8779528 5.4724409 1.9015748 5.4724409 0 P 0
L 1.8779528 5.511811 1.9015748 5.511811 0 P 0
L 1.8779528 5.5511811 1.9015748 5.5511811 0 P 0
L 1.8779528 5.5905512 1.9015748 5.5905512 0 P 0
L 1.8799213 2.3877952 1.8799213 2.4192913 0 P 0
L 1.8799213 2.4251968 1.8799213 2.4566929 0 P 0
L 1.8799213 2.4625985 1.8799213 2.4940946 0 P 0
L 1.8799213 2.5452755 1.8799213 2.5767716 0 P 0
L 1.8799213 2.6200787 1.8799213 2.6515748 0 P 0
L 1.8799213 3.7637796 1.8799213 3.7952757 0 P 0
L 1.8799213 3.8031496 1.8799213 3.8346457 0 P 0
L 1.8799213 3.8425197 1.8799213 3.8740158 0 P 0
L 1.8799213 3.8818898 1.8799213 3.9133859 0 P 0
L 1.8799213 3.9999999 1.8799213 4.031496 0 P 0
L 1.8799213 4.0393701 1.8799213 4.0708662 0 P 0
L 1.8799213 4.0787401 1.8799213 4.1102362 0 P 0
L 1.8799213 4.1279528 1.8799213 4.1594489 0 P 0
L 1.8803937 3.9316929 1.8803937 3.9816929 0 P 0
L 1.8897638 4.9094488 1.8897638 4.9330708 0 P 0
L 1.8897638 4.9488189 1.8897638 4.9724409 0 P 0
L 1.8897638 4.988189 1.8897638 5.011811 0 P 0
L 1.8897638 5.0275591 1.8897638 5.0511811 0 P 0
L 1.8897638 5.1850394 1.8897638 5.2086614 0 P 0
L 1.8897638 5.2244095 1.8897638 5.2480315 0 P 0
L 1.8897638 5.2637796 1.8897638 5.2874016 0 P 0
L 1.8897638 5.3031496 1.8897638 5.3267716 0 P 0
L 1.8897638 5.4606299 1.8897638 5.4842519 0 P 0
L 1.8897638 5.5 1.8897638 5.523622 0 P 0
L 1.8897638 5.5393701 1.8897638 5.5629921 0 P 0
L 1.8897638 5.5787402 1.8897638 5.6023622 0 P 0
L 1.8996063 2.0314961 1.8996063 2.0629922 0 P 0
L 1.8996063 2.0314961 1.9586615 2.0314961 0 P 0
L 1.8996063 2.0629922 1.9586615 2.0629922 0 P 0
L 1.8996063 2.0708661 1.8996063 2.1023622 0 P 0
L 1.8996063 2.0708661 1.9586615 2.0708661 0 P 0
L 1.8996063 2.1023622 1.9586615 2.1023622 0 P 0
L 1.8996063 2.1102363 1.8996063 2.1417324 0 P 0
L 1.8996063 2.1102363 1.9586615 2.1102363 0 P 0
L 1.8996063 2.1417324 1.9586615 2.1417324 0 P 0
L 1.8996063 2.1496063 1.8996063 2.1811024 0 P 0
L 1.8996063 2.1496063 1.9586615 2.1496063 0 P 0
L 1.8996063 2.1811024 1.9586615 2.1811024 0 P 0
L 1.9035039 2.3809449 1.9035039 2.5009449 0 P 0
L 1.9035039 2.3809449 2.0325039 2.3809449 0 P 0
L 1.9035039 2.5009449 2.0325039 2.5009449 0 P 0
L 1.9035039 2.5384252 1.9035039 2.6584252 0 P 0
L 1.9035039 2.5384252 2.0325039 2.5384252 0 P 0
L 1.9035039 2.6584252 2.0325039 2.6584252 0 P 0
L 1.9173229 2.0472441 1.9409449 2.0472441 0 P 0
L 1.9173229 2.0866142 1.9409449 2.0866142 0 P 0
L 1.9173229 2.1259843 1.9409449 2.1259843 0 P 0
L 1.9173229 2.1653543 1.9409449 2.1653543 0 P 0
L 1.9173229 5.8267717 1.9409449 5.8267717 0 P 0
L 1.9192914 4.9055118 1.9192914 4.9370079 0 P 0
L 1.9192914 4.9448818 1.9192914 4.9763779 0 P 0
L 1.9192914 4.984252 1.9192914 5.0157481 0 P 0
L 1.9192914 5.0236221 1.9192914 5.0551182 0 P 0
L 1.9192914 5.1811024 1.9192914 5.2125985 0 P 0
L 1.9192914 5.2204724 1.9192914 5.2519685 0 P 0
L 1.9192914 5.2598426 1.9192914 5.2913387 0 P 0
L 1.9192914 5.2992126 1.9192914 5.3307087 0 P 0
L 1.9192914 5.4566929 1.9192914 5.488189 0 P 0
L 1.9192914 5.4960629 1.9192914 5.527559 0 P 0
L 1.9192914 5.5354331 1.9192914 5.5669292 0 P 0
L 1.9192914 5.5748032 1.9192914 5.6062993 0 P 0
L 1.9245039 3.7646772 1.9245039 3.9006772 0 P 0
L 1.9245039 3.7646772 2.0125039 3.7646772 0 P 0
L 1.9245039 3.9006772 2.0125039 3.9006772 0 P 0
L 1.9291339 2.0354331 1.9291339 2.0590551 0 P 0
L 1.9291339 2.0748032 1.9291339 2.0984252 0 P 0
L 1.9291339 2.1141733 1.9291339 2.1377953 0 P 0
L 1.9291339 2.1535433 1.9291339 2.1771653 0 P 0
L 1.9291339 5.8149607 1.9291339 5.8385827 0 P 0
L 1.9389763 4.9055118 1.9389763 4.9370079 0 P 0
L 1.9389763 4.9055118 1.9980315 4.9055118 0 P 0
L 1.9389763 4.9370079 1.9980315 4.9370079 0 P 0
L 1.9389763 5.0236221 1.9389763 5.0551182 0 P 0
L 1.9389763 5.0236221 1.9980315 5.0236221 0 P 0
L 1.9389763 5.0551182 1.9980315 5.0551182 0 P 0
L 1.9389763 5.1811024 1.9389763 5.2125985 0 P 0
L 1.9389763 5.1811024 1.9980315 5.1811024 0 P 0
L 1.9389763 5.2125985 1.9980315 5.2125985 0 P 0
L 1.9389763 5.2992126 1.9389763 5.3307087 0 P 0
L 1.9389763 5.2992126 1.9980315 5.2992126 0 P 0
L 1.9389763 5.3307087 1.9980315 5.3307087 0 P 0
L 1.9389763 5.4566929 1.9389763 5.488189 0 P 0
L 1.9389763 5.4566929 1.9980315 5.4566929 0 P 0
L 1.9389763 5.488189 1.9980315 5.488189 0 P 0
L 1.9389763 5.5748032 1.9389763 5.6062993 0 P 0
L 1.9389763 5.5748032 1.9980315 5.5748032 0 P 0
L 1.9389763 5.6062993 1.9980315 5.6062993 0 P 0
L 1.9435039 4.950315 1.9435039 5.010315 0 P 0
L 1.9435039 4.950315 1.9935039 4.950315 0 P 0
L 1.9435039 5.010315 1.9935039 5.010315 0 P 0
L 1.9435039 5.2259055 1.9435039 5.2859055 0 P 0
L 1.9435039 5.2259055 1.9935039 5.2259055 0 P 0
L 1.9435039 5.2859055 1.9935039 5.2859055 0 P 0
L 1.9435039 5.5014961 1.9435039 5.5614961 0 P 0
L 1.9435039 5.5014961 1.9935039 5.5014961 0 P 0
L 1.9435039 5.5614961 1.9935039 5.5614961 0 P 0
L 1.9566929 2.4409449 1.9803149 2.4409449 0 P 0
L 1.9566929 2.5984252 1.9803149 2.5984252 0 P 0
L 1.9566929 3.8326772 1.9803149 3.8326772 0 P 0
L 1.9566929 4.9212598 1.9803149 4.9212598 0 P 0
L 1.9566929 4.980315 1.9803149 4.980315 0 P 0
L 1.9566929 5.0393701 1.9803149 5.0393701 0 P 0
L 1.9566929 5.1968504 1.9803149 5.1968504 0 P 0
L 1.9566929 5.2559055 1.9803149 5.2559055 0 P 0
L 1.9566929 5.3149606 1.9803149 5.3149606 0 P 0
L 1.9566929 5.4724409 1.9803149 5.4724409 0 P 0
L 1.9566929 5.5314961 1.9803149 5.5314961 0 P 0
L 1.9566929 5.5905512 1.9803149 5.5905512 0 P 0
L 1.9586615 2.0314961 1.9586615 2.0629922 0 P 0
L 1.9586615 2.0708661 1.9586615 2.1023622 0 P 0
L 1.9586615 2.1102363 1.9586615 2.1417324 0 P 0
L 1.9586615 2.1496063 1.9586615 2.1811024 0 P 0
L 1.9685039 2.4291339 1.9685039 2.4527559 0 P 0
L 1.9685039 2.5866142 1.9685039 2.6102362 0 P 0
L 1.9685039 3.8208662 1.9685039 3.8444882 0 P 0
L 1.9685039 4.9094488 1.9685039 4.9330708 0 P 0
L 1.9685039 4.968504 1.9685039 4.992126 0 P 0
L 1.9685039 5.0275591 1.9685039 5.0511811 0 P 0
L 1.9685039 5.1850394 1.9685039 5.2086614 0 P 0
L 1.9685039 5.2440945 1.9685039 5.2677165 0 P 0
L 1.9685039 5.3031496 1.9685039 5.3267716 0 P 0
L 1.9685039 5.4606299 1.9685039 5.4842519 0 P 0
L 1.9685039 5.5196851 1.9685039 5.5433071 0 P 0
L 1.9685039 5.5787402 1.9685039 5.6023622 0 P 0
L 1.9783464 2.0314961 1.9783464 2.0629922 0 P 0
L 1.9783464 2.0314961 2.0374016 2.0314961 0 P 0
L 1.9783464 2.0629922 2.0374016 2.0629922 0 P 0
L 1.9783464 2.1496063 1.9783464 2.1811024 0 P 0
L 1.9783464 2.1496063 2.0374016 2.1496063 0 P 0
L 1.9783464 2.1811024 2.0374016 2.1811024 0 P 0
L 1.982874 2.0762992 1.982874 2.1362992 0 P 0
L 1.982874 2.0762992 2.032874 2.0762992 0 P 0
L 1.982874 2.1362992 2.032874 2.1362992 0 P 0
L 1.9931339 5.7667717 1.9931339 5.8867717 0 P 0
L 1.9935039 4.950315 1.9935039 5.010315 0 P 0
L 1.9935039 5.2259055 1.9935039 5.2859055 0 P 0
L 1.9935039 5.5014961 1.9935039 5.5614961 0 P 0
L 1.996063 2.0472441 2.019685 2.0472441 0 P 0
L 1.996063 2.1062992 2.019685 2.1062992 0 P 0
L 1.996063 2.1653543 2.019685 2.1653543 0 P 0
L 1.9980315 4.9055118 1.9980315 4.9370079 0 P 0
L 1.9980315 5.0236221 1.9980315 5.0551182 0 P 0
L 1.9980315 5.1811024 1.9980315 5.2125985 0 P 0
L 1.9980315 5.2992126 1.9980315 5.3307087 0 P 0
L 1.9980315 5.4566929 1.9980315 5.488189 0 P 0
L 1.9980315 5.5748032 1.9980315 5.6062993 0 P 0
L 2.007874 2.0354331 2.007874 2.0590551 0 P 0
L 2.007874 2.0944882 2.007874 2.1181102 0 P 0
L 2.007874 2.1535433 2.007874 2.1771653 0 P 0
L 2.011811 5.8177166 2.011811 5.8767718 0 P 0
L 2.011811 5.8177166 2.0433071 5.8177166 0 P 0
L 2.011811 5.8767718 2.0433071 5.8767718 0 P 0
L 2.0125039 3.7646772 2.0125039 3.9006772 0 P 0
L 2.0157481 5.8472442 2.0393701 5.8472442 0 P 0
L 2.0275591 5.8354332 2.0275591 5.8590552 0 P 0
L 2.0325039 2.3809449 2.0325039 2.5009449 0 P 0
L 2.0325039 2.5384252 2.0325039 2.6584252 0 P 0
L 2.032874 2.0762992 2.032874 2.1362992 0 P 0
L 2.0374016 2.0314961 2.0374016 2.0629922 0 P 0
L 2.0374016 2.1496063 2.0374016 2.1811024 0 P 0
L 2.0433071 5.8177166 2.0433071 5.8767718 0 P 0
L 2.051181 5.8177166 2.051181 5.8767718 0 P 0
L 2.051181 5.8177166 2.0826771 5.8177166 0 P 0
L 2.051181 5.8767718 2.0826771 5.8767718 0 P 0
L 2.0551181 5.8472442 2.0787401 5.8472442 0 P 0
L 2.0570866 2.4251969 2.0570866 2.456693 0 P 0
L 2.0570866 2.4251969 2.1161418 2.4251969 0 P 0
L 2.0570866 2.456693 2.1161418 2.456693 0 P 0
L 2.0570866 2.5452756 2.0570866 2.5767717 0 P 0
L 2.0570866 2.5452756 2.1161418 2.5452756 0 P 0
L 2.0570866 2.5767717 2.1161418 2.5767717 0 P 0
L 2.0570866 2.5826772 2.0570866 2.6141733 0 P 0
L 2.0570866 2.5826772 2.1161418 2.5826772 0 P 0
L 2.0570866 2.6141733 2.1161418 2.6141733 0 P 0
L 2.0570866 3.8031496 2.0570866 3.8346457 0 P 0
L 2.0570866 3.8031496 2.1161418 3.8031496 0 P 0
L 2.0570866 3.8346457 2.1161418 3.8346457 0 P 0
L 2.0570866 3.8425197 2.0570866 3.8740158 0 P 0
L 2.0570866 3.8425197 2.1161418 3.8425197 0 P 0
L 2.0570866 3.8740158 2.1161418 3.8740158 0 P 0
L 2.0570866 4.0295276 2.0570866 4.0610237 0 P 0
L 2.0570866 4.0295276 2.1161418 4.0295276 0 P 0
L 2.0570866 4.0610237 2.1161418 4.0610237 0 P 0
L 2.0570866 4.0787402 2.0570866 4.1102363 0 P 0
L 2.0570866 4.0787402 2.1161418 4.0787402 0 P 0
L 2.0570866 4.1102363 2.1161418 4.1102363 0 P 0
L 2.0570866 4.1279528 2.0570866 4.1594489 0 P 0
L 2.0570866 4.1279528 2.1161418 4.1279528 0 P 0
L 2.0570866 4.1594489 2.1161418 4.1594489 0 P 0
L 2.0669291 5.8354332 2.0669291 5.8590552 0 P 0
L 2.0748032 2.4409449 2.0984252 2.4409449 0 P 0
L 2.0748032 2.5610236 2.0984252 2.5610236 0 P 0
L 2.0748032 2.5984252 2.0984252 2.5984252 0 P 0
L 2.0748032 3.8188976 2.0984252 3.8188976 0 P 0
L 2.0748032 3.8582677 2.0984252 3.8582677 0 P 0
L 2.0748032 4.0452756 2.0984252 4.0452756 0 P 0
L 2.0748032 4.0944883 2.0984252 4.0944883 0 P 0
L 2.0748032 4.1437009 2.0984252 4.1437009 0 P 0
L 2.0826771 5.8177166 2.0826771 5.8767718 0 P 0
L 2.0866142 2.4291339 2.0866142 2.4527559 0 P 0
L 2.0866142 2.5492126 2.0866142 2.5728346 0 P 0
L 2.0866142 2.5866142 2.0866142 2.6102362 0 P 0
L 2.0866142 3.8070866 2.0866142 3.8307086 0 P 0
L 2.0866142 3.8464567 2.0866142 3.8700787 0 P 0
L 2.0866142 4.0334646 2.0866142 4.0570866 0 P 0
L 2.0866142 4.0826773 2.0866142 4.1062993 0 P 0
L 2.0866142 4.1318899 2.0866142 4.1555119 0 P 0
L 2.0905512 5.8177166 2.0905512 5.8767718 0 P 0
L 2.0905512 5.8177166 2.1220473 5.8177166 0 P 0
L 2.0905512 5.8767718 2.1220473 5.8767718 0 P 0
L 2.0944882 5.8472442 2.1181102 5.8472442 0 P 0
L 2.1062992 5.8354332 2.1062992 5.8590552 0 P 0
L 2.1161418 2.4251969 2.1161418 2.456693 0 P 0
L 2.1161418 2.5452756 2.1161418 2.5767717 0 P 0
L 2.1161418 2.5826772 2.1161418 2.6141733 0 P 0
L 2.1161418 3.8031496 2.1161418 3.8346457 0 P 0
L 2.1161418 3.8425197 2.1161418 3.8740158 0 P 0
L 2.1161418 4.0295276 2.1161418 4.0610237 0 P 0
L 2.1161418 4.0787402 2.1161418 4.1102363 0 P 0
L 2.1161418 4.1279528 2.1161418 4.1594489 0 P 0
L 2.1220473 5.8177166 2.1220473 5.8767718 0 P 0
L 2.1811023 3.3464567 2.2047243 3.3464567 0 P 0
L 2.1929133 3.3346457 2.1929133 3.3582677 0 P 0
L 2.2086614 5.6720472 2.2086614 5.7311024 0 P 0
L 2.2086614 5.6720472 2.2401575 5.6720472 0 P 0
L 2.2086614 5.7311024 2.2401575 5.7311024 0 P 0
L 2.2125984 5.7015748 2.2362204 5.7015748 0 P 0
L 2.2244094 5.6897638 2.2244094 5.7133858 0 P 0
L 2.2401575 5.6720472 2.2401575 5.7311024 0 P 0
L 2.2480314 5.7649606 2.2480314 5.8240158 0 P 0
L 2.2480314 5.7649606 2.2795275 5.7649606 0 P 0
L 2.2480314 5.8240158 2.2795275 5.8240158 0 P 0
L 2.2480315 5.6720472 2.2480315 5.7311024 0 P 0
L 2.2480315 5.6720472 2.2795276 5.6720472 0 P 0
L 2.2480315 5.7311024 2.2795276 5.7311024 0 P 0
L 2.2519685 5.7015748 2.2755905 5.7015748 0 P 0
L 2.2519685 5.7944882 2.2755905 5.7944882 0 P 0
L 2.2637795 5.6897638 2.2637795 5.7133858 0 P 0
L 2.2637795 5.7826772 2.2637795 5.8062992 0 P 0
L 2.2677165 5.4822834 2.2677165 5.5413386 0 P 0
L 2.2677165 5.4822834 2.2992126 5.4822834 0 P 0
L 2.2677165 5.5413386 2.2992126 5.5413386 0 P 0
L 2.2716536 5.511811 2.2952756 5.511811 0 P 0
L 2.2795275 5.7649606 2.2795275 5.8240158 0 P 0
L 2.2795276 5.6720472 2.2795276 5.7311024 0 P 0
L 2.2834646 5.5 2.2834646 5.523622 0 P 0
L 2.285433 2.6535433 2.285433 2.6850394 0 P 0
L 2.285433 2.6535433 2.3444882 2.6535433 0 P 0
L 2.285433 2.6850394 2.3444882 2.6850394 0 P 0
L 2.285433 4.0314961 2.285433 4.0629922 0 P 0
L 2.285433 4.0314961 2.3444882 4.0314961 0 P 0
L 2.285433 4.0629922 2.3444882 4.0629922 0 P 0
L 2.2872047 2.397685 2.2872047 2.642685 0 P 0
L 2.2872047 2.397685 2.4372047 2.397685 0 P 0
L 2.2872047 2.642685 2.4372047 2.642685 0 P 0
L 2.2872047 3.7756378 2.2872047 4.0206378 0 P 0
L 2.2872047 3.7756378 2.4372047 3.7756378 0 P 0
L 2.2872047 4.0206378 2.4372047 4.0206378 0 P 0
L 2.293307 2.0314961 2.293307 2.0629922 0 P 0
L 2.293307 2.0314961 2.3523622 2.0314961 0 P 0
L 2.293307 2.0629922 2.3523622 2.0629922 0 P 0
L 2.293307 2.0708661 2.293307 2.1023622 0 P 0
L 2.293307 2.0708661 2.3523622 2.0708661 0 P 0
L 2.293307 2.1023622 2.3523622 2.1023622 0 P 0
L 2.293307 2.1102363 2.293307 2.1417324 0 P 0
L 2.293307 2.1102363 2.3523622 2.1102363 0 P 0
L 2.293307 2.1417324 2.3523622 2.1417324 0 P 0
L 2.293307 2.1496063 2.293307 2.1811024 0 P 0
L 2.293307 2.1496063 2.3523622 2.1496063 0 P 0
L 2.293307 2.1811024 2.3523622 2.1811024 0 P 0
L 2.2992126 5.4822834 2.2992126 5.5413386 0 P 0
L 2.3025748 5.6590315 2.3025748 5.8370315 0 P 0
L 2.3025748 5.6590315 2.5005748 5.6590315 0 P 0
L 2.3025748 5.8370315 2.5005748 5.8370315 0 P 0
L 2.3031496 2.6692913 2.3267716 2.6692913 0 P 0
L 2.3031496 4.0472441 2.3267716 4.0472441 0 P 0
L 2.3070865 5.4822834 2.3070865 5.5413386 0 P 0
L 2.3070865 5.4822834 2.3385826 5.4822834 0 P 0
L 2.3070865 5.5413386 2.3385826 5.5413386 0 P 0
L 2.3070866 5.9547244 2.3070866 6.0137796 0 P 0
L 2.3070866 5.9547244 2.3385827 5.9547244 0 P 0
L 2.3070866 6.0137796 2.3385827 6.0137796 0 P 0
L 2.3110236 2.0472441 2.3346456 2.0472441 0 P 0
L 2.3110236 2.0866142 2.3346456 2.0866142 0 P 0
L 2.3110236 2.1259843 2.3346456 2.1259843 0 P 0
L 2.3110236 2.1653543 2.3346456 2.1653543 0 P 0
L 2.3110236 5.511811 2.3346456 5.511811 0 P 0
L 2.3110236 5.984252 2.3346456 5.984252 0 P 0
L 2.3149606 2.6574803 2.3149606 2.6811023 0 P 0
L 2.3149606 4.0354331 2.3149606 4.0590551 0 P 0
L 2.3228346 2.0354331 2.3228346 2.0590551 0 P 0
L 2.3228346 2.0748032 2.3228346 2.0984252 0 P 0
L 2.3228346 2.1141733 2.3228346 2.1377953 0 P 0
L 2.3228346 2.1535433 2.3228346 2.1771653 0 P 0
L 2.3228346 5.5 2.3228346 5.523622 0 P 0
L 2.3228346 5.972441 2.3228346 5.996063 0 P 0
L 2.3385826 5.4822834 2.3385826 5.5413386 0 P 0
L 2.3385827 5.9547244 2.3385827 6.0137796 0 P 0
L 2.3444882 2.6535433 2.3444882 2.6850394 0 P 0
L 2.3444882 4.0314961 2.3444882 4.0629922 0 P 0
L 2.3464566 5.9547244 2.3464566 6.0137796 0 P 0
L 2.3464566 5.9547244 2.3779527 5.9547244 0 P 0
L 2.3464566 6.0137796 2.3779527 6.0137796 0 P 0
L 2.3464567 5.4822834 2.3464567 5.5413386 0 P 0
L 2.3464567 5.4822834 2.3779528 5.4822834 0 P 0
L 2.3464567 5.5413386 2.3779528 5.5413386 0 P 0
L 2.3503937 5.511811 2.3740157 5.511811 0 P 0
L 2.3503937 5.984252 2.3740157 5.984252 0 P 0
L 2.3513937 2.519685 2.3750157 2.519685 0 P 0
L 2.3513937 3.8976378 2.3750157 3.8976378 0 P 0
L 2.3523622 2.0314961 2.3523622 2.0629922 0 P 0
L 2.3523622 2.0708661 2.3523622 2.1023622 0 P 0
L 2.3523622 2.1102363 2.3523622 2.1417324 0 P 0
L 2.3523622 2.1496063 2.3523622 2.1811024 0 P 0
L 2.3622047 5.5 2.3622047 5.523622 0 P 0
L 2.3622047 5.972441 2.3622047 5.996063 0 P 0
L 2.3632047 2.507874 2.3632047 2.531496 0 P 0
L 2.3632047 3.8858268 2.3632047 3.9094488 0 P 0
L 2.3720472 2.0314961 2.3720472 2.0629922 0 P 0
L 2.3720472 2.0314961 2.4311024 2.0314961 0 P 0
L 2.3720472 2.0629922 2.4311024 2.0629922 0 P 0
L 2.3720472 2.1496063 2.3720472 2.1811024 0 P 0
L 2.3720472 2.1496063 2.4311024 2.1496063 0 P 0
L 2.3720472 2.1811024 2.4311024 2.1811024 0 P 0
L 2.3765748 2.0762992 2.3765748 2.1362992 0 P 0
L 2.3765748 2.0762992 2.4265748 2.0762992 0 P 0
L 2.3765748 2.1362992 2.4265748 2.1362992 0 P 0
L 2.3779527 5.9547244 2.3779527 6.0137796 0 P 0
L 2.3779528 5.4822834 2.3779528 5.5413386 0 P 0
L 2.3799212 2.3543306 2.3799212 2.3858267 0 P 0
L 2.3799212 2.3543306 2.4389764 2.3543306 0 P 0
L 2.3799212 2.3858267 2.4389764 2.3858267 0 P 0
L 2.3799212 3.7322834 2.3799212 3.7637795 0 P 0
L 2.3799212 3.7322834 2.4389764 3.7322834 0 P 0
L 2.3799212 3.7637795 2.4389764 3.7637795 0 P 0
L 2.3858267 5.9547244 2.3858267 6.0137796 0 P 0
L 2.3858267 5.9547244 2.4173228 5.9547244 0 P 0
L 2.3858267 6.0137796 2.4173228 6.0137796 0 P 0
L 2.3858268 5.4822834 2.3858268 5.5413386 0 P 0
L 2.3858268 5.4822834 2.4173229 5.4822834 0 P 0
L 2.3858268 5.5413386 2.4173229 5.5413386 0 P 0
L 2.3897638 2.0472441 2.4133858 2.0472441 0 P 0
L 2.3897638 2.1062992 2.4133858 2.1062992 0 P 0
L 2.3897638 2.1653543 2.4133858 2.1653543 0 P 0
L 2.3897638 5.511811 2.4133858 5.511811 0 P 0
L 2.3897638 5.7470315 2.4133858 5.7470315 0 P 0
L 2.3897638 5.984252 2.4133858 5.984252 0 P 0
L 2.3959133 3.0474567 2.3959133 3.6454567 0 P 0
L 2.3976378 2.3700787 2.4212598 2.3700787 0 P 0
L 2.3976378 3.7480315 2.4212598 3.7480315 0 P 0
L 2.4015748 2.0354331 2.4015748 2.0590551 0 P 0
L 2.4015748 2.0944882 2.4015748 2.1181102 0 P 0
L 2.4015748 2.1535433 2.4015748 2.1771653 0 P 0
L 2.4015748 5.5 2.4015748 5.523622 0 P 0
L 2.4015748 5.7352205 2.4015748 5.7588425 0 P 0
L 2.4015748 5.972441 2.4015748 5.996063 0 P 0
L 2.4094488 2.3582677 2.4094488 2.3818897 0 P 0
L 2.4094488 3.7362205 2.4094488 3.7598425 0 P 0
L 2.4173228 5.9547244 2.4173228 6.0137796 0 P 0
L 2.4173229 5.4822834 2.4173229 5.5413386 0 P 0
L 2.4251968 5.9547244 2.4251968 6.0137796 0 P 0
L 2.4251968 5.9547244 2.4566929 5.9547244 0 P 0
L 2.4251968 6.0137796 2.4566929 6.0137796 0 P 0
L 2.4251969 5.4822834 2.4251969 5.5413386 0 P 0
L 2.4251969 5.4822834 2.456693 5.4822834 0 P 0
L 2.4251969 5.5413386 2.456693 5.5413386 0 P 0
L 2.4265748 2.0762992 2.4265748 2.1362992 0 P 0
L 2.4291339 5.511811 2.4527559 5.511811 0 P 0
L 2.4291339 5.984252 2.4527559 5.984252 0 P 0
L 2.4311024 2.0314961 2.4311024 2.0629922 0 P 0
L 2.4311024 2.1496063 2.4311024 2.1811024 0 P 0
L 2.4372047 2.397685 2.4372047 2.642685 0 P 0
L 2.4372047 3.7756378 2.4372047 4.0206378 0 P 0
L 2.4389764 2.3543306 2.4389764 2.3858267 0 P 0
L 2.4389764 3.7322834 2.4389764 3.7637795 0 P 0
L 2.4409449 5.5 2.4409449 5.523622 0 P 0
L 2.4409449 5.972441 2.4409449 5.996063 0 P 0
L 2.4507874 1.3228346 2.4507874 1.3543307 0 P 0
L 2.4507874 1.3228346 2.5098426 1.3228346 0 P 0
L 2.4507874 1.3543307 2.5098426 1.3543307 0 P 0
L 2.4507874 1.3622047 2.4507874 1.3937008 0 P 0
L 2.4507874 1.3622047 2.5098426 1.3622047 0 P 0
L 2.4507874 1.3937008 2.5098426 1.3937008 0 P 0
L 2.4507874 3.1970473 2.4507874 3.2285434 0 P 0
L 2.4507874 3.1970473 2.5098426 3.1970473 0 P 0
L 2.4507874 3.2285434 2.5098426 3.2285434 0 P 0
L 2.4507874 3.2403544 2.4507874 3.2718505 0 P 0
L 2.4507874 3.2403544 2.5098426 3.2403544 0 P 0
L 2.4507874 3.2718505 2.5098426 3.2718505 0 P 0
L 2.4507874 3.2836615 2.4507874 3.3151576 0 P 0
L 2.4507874 3.2836615 2.5098426 3.2836615 0 P 0
L 2.4507874 3.3151576 2.5098426 3.3151576 0 P 0
L 2.4507874 3.3269685 2.4507874 3.3584646 0 P 0
L 2.4507874 3.3269685 2.5098426 3.3269685 0 P 0
L 2.4507874 3.3584646 2.5098426 3.3584646 0 P 0
L 2.4507874 3.3702756 2.4507874 3.4017717 0 P 0
L 2.4507874 3.3702756 2.5098426 3.3702756 0 P 0
L 2.4507874 3.4017717 2.5098426 3.4017717 0 P 0
L 2.4507874 3.4135827 2.4507874 3.4450788 0 P 0
L 2.4507874 3.4135827 2.5098426 3.4135827 0 P 0
L 2.4507874 3.4450788 2.5098426 3.4450788 0 P 0
L 2.4507874 3.4568898 2.4507874 3.4883859 0 P 0
L 2.4507874 3.4568898 2.5098426 3.4568898 0 P 0
L 2.4507874 3.4883859 2.5098426 3.4883859 0 P 0
L 2.4566929 5.9547244 2.4566929 6.0137796 0 P 0
L 2.456693 5.4822834 2.456693 5.5413386 0 P 0
L 2.4645669 5.9547244 2.4645669 6.0137796 0 P 0
L 2.4645669 5.9547244 2.496063 5.9547244 0 P 0
L 2.4645669 6.0137796 2.496063 6.0137796 0 P 0
L 2.464567 5.4822834 2.464567 5.5413386 0 P 0
L 2.464567 5.4822834 2.4960631 5.4822834 0 P 0
L 2.464567 5.5413386 2.4960631 5.5413386 0 P 0
L 2.468504 1.3385827 2.492126 1.3385827 0 P 0
L 2.468504 1.3779528 2.492126 1.3779528 0 P 0
L 2.468504 3.2127953 2.492126 3.2127953 0 P 0
L 2.468504 3.2561025 2.492126 3.2561025 0 P 0
L 2.468504 3.2994095 2.492126 3.2994095 0 P 0
L 2.468504 3.3427166 2.492126 3.3427166 0 P 0
L 2.468504 3.3860236 2.492126 3.3860236 0 P 0
L 2.468504 3.4293308 2.492126 3.4293308 0 P 0
L 2.468504 3.4726378 2.492126 3.4726378 0 P 0
L 2.468504 5.511811 2.492126 5.511811 0 P 0
L 2.468504 5.984252 2.492126 5.984252 0 P 0
L 2.480315 1.3267717 2.480315 1.3503937 0 P 0
L 2.480315 1.3661418 2.480315 1.3897638 0 P 0
L 2.480315 3.2009843 2.480315 3.2246063 0 P 0
L 2.480315 3.2442915 2.480315 3.2679135 0 P 0
L 2.480315 3.2875985 2.480315 3.3112205 0 P 0
L 2.480315 3.3309056 2.480315 3.3545276 0 P 0
L 2.480315 3.3742126 2.480315 3.3978346 0 P 0
L 2.480315 3.4175198 2.480315 3.4411418 0 P 0
L 2.480315 3.4608268 2.480315 3.4844488 0 P 0
L 2.480315 5.5 2.480315 5.523622 0 P 0
L 2.480315 5.972441 2.480315 5.996063 0 P 0
L 2.496063 5.9547244 2.496063 6.0137796 0 P 0
L 2.4960631 5.4822834 2.4960631 5.5413386 0 P 0
L 2.5005748 5.6590315 2.5005748 5.8370315 0 P 0
L 2.503937 5.4822834 2.503937 5.5413386 0 P 0
L 2.503937 5.4822834 2.5354331 5.4822834 0 P 0
L 2.503937 5.5413386 2.5354331 5.5413386 0 P 0
L 2.507874 5.511811 2.531496 5.511811 0 P 0
L 2.5098426 1.3228346 2.5098426 1.3543307 0 P 0
L 2.5098426 1.3622047 2.5098426 1.3937008 0 P 0
L 2.5098426 3.1970473 2.5098426 3.2285434 0 P 0
L 2.5098426 3.2403544 2.5098426 3.2718505 0 P 0
L 2.5098426 3.2836615 2.5098426 3.3151576 0 P 0
L 2.5098426 3.3269685 2.5098426 3.3584646 0 P 0
L 2.5098426 3.3702756 2.5098426 3.4017717 0 P 0
L 2.5098426 3.4135827 2.5098426 3.4450788 0 P 0
L 2.5098426 3.4568898 2.5098426 3.4883859 0 P 0
L 2.519685 5.5 2.519685 5.523622 0 P 0
L 2.5354331 5.4822834 2.5354331 5.5413386 0 P 0
L 2.543307 1.1122047 2.543307 1.1712599 0 P 0
L 2.543307 1.1122047 2.5748031 1.1122047 0 P 0
L 2.543307 1.1712599 2.5748031 1.1712599 0 P 0
L 2.5433071 0.5874016 2.5433071 0.6464568 0 P 0
L 2.5433071 0.5874016 2.5748032 0.5874016 0 P 0
L 2.5433071 0.6464568 2.5748032 0.6464568 0 P 0
L 2.5472441 0.6169292 2.5708661 0.6169292 0 P 0
L 2.5472441 1.1417323 2.5708661 1.1417323 0 P 0
L 2.5526772 0.4080709 2.5526772 0.4580709 0 P 0
L 2.5526772 0.4080709 2.6126772 0.4080709 0 P 0
L 2.5526772 0.4580709 2.6126772 0.4580709 0 P 0
L 2.5590551 0.6051182 2.5590551 0.6287402 0 P 0
L 2.5590551 1.1299213 2.5590551 1.1535433 0 P 0
L 2.5708662 0.4330709 2.5944882 0.4330709 0 P 0
L 2.5748031 1.1122047 2.5748031 1.1712599 0 P 0
L 2.5748032 0.5874016 2.5748032 0.6464568 0 P 0
L 2.5777953 0.5255512 2.5777953 0.6545512 0 P 0
L 2.5777953 0.5255512 2.6977953 0.5255512 0 P 0
L 2.5777953 0.6545512 2.6977953 0.6545512 0 P 0
L 2.5826771 0.7185039 2.5826771 0.7775591 0 P 0
L 2.5826771 0.7185039 2.6141732 0.7185039 0 P 0
L 2.5826771 0.7775591 2.6141732 0.7775591 0 P 0
L 2.5826771 1.1122047 2.5826771 1.1712599 0 P 0
L 2.5826771 1.1122047 2.6141732 1.1122047 0 P 0
L 2.5826771 1.1712599 2.6141732 1.1712599 0 P 0
L 2.5826772 0.4212599 2.5826772 0.4448819 0 P 0
L 2.5826772 1.5059055 2.5826772 1.5649607 0 P 0
L 2.5826772 1.5059055 2.6141733 1.5059055 0 P 0
L 2.5826772 1.5649607 2.6141733 1.5649607 0 P 0
L 2.5866142 0.7480315 2.6102362 0.7480315 0 P 0
L 2.5866142 1.1417323 2.6102362 1.1417323 0 P 0
L 2.5866142 1.5354331 2.6102362 1.5354331 0 P 0
L 2.5984252 0.7362205 2.5984252 0.7598425 0 P 0
L 2.5984252 1.1299213 2.5984252 1.1535433 0 P 0
L 2.5984252 1.5236221 2.5984252 1.5472441 0 P 0
L 2.6023622 5.6267711 2.6023622 5.6858263 0 P 0
L 2.6023622 5.6267711 2.6338583 5.6267711 0 P 0
L 2.6023622 5.6858263 2.6338583 5.6858263 0 P 0
L 2.6062992 5.6562987 2.6299212 5.6562987 0 P 0
L 2.6082677 2.4960629 2.6082677 2.527559 0 P 0
L 2.6082677 2.4960629 2.6673229 2.4960629 0 P 0
L 2.6082677 2.527559 2.6673229 2.527559 0 P 0
L 2.6082677 2.559055 2.6082677 2.5905511 0 P 0
L 2.6082677 2.559055 2.6673229 2.559055 0 P 0
L 2.6082677 2.5905511 2.6673229 2.5905511 0 P 0
L 2.6082677 3.8740157 2.6082677 3.9055118 0 P 0
L 2.6082677 3.8740157 2.6673229 3.8740157 0 P 0
L 2.6082677 3.9055118 2.6673229 3.9055118 0 P 0
L 2.6082677 3.9370078 2.6082677 3.9685039 0 P 0
L 2.6082677 3.9370078 2.6673229 3.9370078 0 P 0
L 2.6082677 3.9685039 2.6673229 3.9685039 0 P 0
L 2.6126772 0.4080709 2.6126772 0.4580709 0 P 0
L 2.6141732 0.7185039 2.6141732 0.7775591 0 P 0
L 2.6141732 1.1122047 2.6141732 1.1712599 0 P 0
L 2.6141733 1.5059055 2.6141733 1.5649607 0 P 0
L 2.6181102 5.6444877 2.6181102 5.6681097 0 P 0
L 2.6220472 0.7185039 2.6220472 0.7775591 0 P 0
L 2.6220472 0.7185039 2.6535433 0.7185039 0 P 0
L 2.6220472 0.7775591 2.6535433 0.7775591 0 P 0
L 2.6220473 0.4035433 2.6220473 0.4625985 0 P 0
L 2.6220473 0.4035433 2.6535434 0.4035433 0 P 0
L 2.6220473 0.4625985 2.6535434 0.4625985 0 P 0
L 2.6220473 1.1122047 2.6220473 1.1712599 0 P 0
L 2.6220473 1.1122047 2.6535434 1.1122047 0 P 0
L 2.6220473 1.1712599 2.6535434 1.1712599 0 P 0
L 2.6220473 1.5059055 2.6220473 1.5649607 0 P 0
L 2.6220473 1.5059055 2.6535434 1.5059055 0 P 0
L 2.6220473 1.5649607 2.6535434 1.5649607 0 P 0
L 2.6259843 0.4330709 2.6496063 0.4330709 0 P 0
L 2.6259843 0.5905512 2.6496063 0.5905512 0 P 0
L 2.6259843 0.7480315 2.6496063 0.7480315 0 P 0
L 2.6259843 1.5354331 2.6496063 1.5354331 0 P 0
L 2.6259843 2.511811 2.6496063 2.511811 0 P 0
L 2.6259843 2.5748031 2.6496063 2.5748031 0 P 0
L 2.6259843 3.8897638 2.6496063 3.8897638 0 P 0
L 2.6259843 3.9527559 2.6496063 3.9527559 0 P 0
L 2.6259844 1.1417323 2.6496064 1.1417323 0 P 0
L 2.6338583 5.6267711 2.6338583 5.6858263 0 P 0
L 2.6377953 0.4212599 2.6377953 0.4448819 0 P 0
L 2.6377953 0.5787402 2.6377953 0.6023622 0 P 0
L 2.6377953 0.7362205 2.6377953 0.7598425 0 P 0
L 2.6377953 1.5236221 2.6377953 1.5472441 0 P 0
L 2.6377953 2.5 2.6377953 2.523622 0 P 0
L 2.6377953 2.5629921 2.6377953 2.5866141 0 P 0
L 2.6377953 3.8779528 2.6377953 3.9015748 0 P 0
L 2.6377953 3.9409449 2.6377953 3.9645669 0 P 0
L 2.6377954 1.1299213 2.6377954 1.1535433 0 P 0
L 2.6535433 0.7185039 2.6535433 0.7775591 0 P 0
L 2.6535434 0.4035433 2.6535434 0.4625985 0 P 0
L 2.6535434 1.1122047 2.6535434 1.1712599 0 P 0
L 2.6535434 1.5059055 2.6535434 1.5649607 0 P 0
L 2.6594489 0.4035433 2.6594489 0.4625985 0 P 0
L 2.6594489 0.4035433 2.690945 0.4035433 0 P 0
L 2.6594489 0.4625985 2.690945 0.4625985 0 P 0
L 2.6614173 0.7185039 2.6614173 0.7775591 0 P 0
L 2.6614173 0.7185039 2.6929134 0.7185039 0 P 0
L 2.6614173 0.7775591 2.6929134 0.7775591 0 P 0
L 2.6614173 1.1122047 2.6614173 1.1712599 0 P 0
L 2.6614173 1.1122047 2.6929134 1.1122047 0 P 0
L 2.6614173 1.1712599 2.6929134 1.1712599 0 P 0
L 2.6614174 1.5059055 2.6614174 1.5649607 0 P 0
L 2.6614174 1.5059055 2.6929135 1.5059055 0 P 0
L 2.6614174 1.5649607 2.6929135 1.5649607 0 P 0
L 2.6633859 0.4330709 2.6870079 0.4330709 0 P 0
L 2.6653544 0.7480315 2.6889764 0.7480315 0 P 0
L 2.6653544 1.1417323 2.6889764 1.1417323 0 P 0
L 2.6653544 1.5354331 2.6889764 1.5354331 0 P 0
L 2.6673229 2.4960629 2.6673229 2.527559 0 P 0
L 2.6673229 2.559055 2.6673229 2.5905511 0 P 0
L 2.6673229 3.8740157 2.6673229 3.9055118 0 P 0
L 2.6673229 3.9370078 2.6673229 3.9685039 0 P 0
L 2.6733465 4.7993307 2.6733465 5.9093307 0 P 0
L 2.6733465 4.7993307 3.7833465 4.7993307 0 P 0
L 2.6733465 5.9093307 3.7833465 5.9093307 0 P 0
L 2.6751969 0.4212599 2.6751969 0.4448819 0 P 0
L 2.6771654 0.7362205 2.6771654 0.7598425 0 P 0
L 2.6771654 1.1299213 2.6771654 1.1535433 0 P 0
L 2.6771654 1.5236221 2.6771654 1.5472441 0 P 0
L 2.6870078 2.0314961 2.6870078 2.0629922 0 P 0
L 2.6870078 2.0314961 2.746063 2.0314961 0 P 0
L 2.6870078 2.0629922 2.746063 2.0629922 0 P 0
L 2.6870078 2.0708661 2.6870078 2.1023622 0 P 0
L 2.6870078 2.0708661 2.746063 2.0708661 0 P 0
L 2.6870078 2.1023622 2.746063 2.1023622 0 P 0
L 2.6870078 2.1102363 2.6870078 2.1417324 0 P 0
L 2.6870078 2.1102363 2.746063 2.1102363 0 P 0
L 2.6870078 2.1417324 2.746063 2.1417324 0 P 0
L 2.6870078 2.1496063 2.6870078 2.1811024 0 P 0
L 2.6870078 2.1496063 2.746063 2.1496063 0 P 0
L 2.6870078 2.1811024 2.746063 2.1811024 0 P 0
L 2.690945 0.4035433 2.690945 0.4625985 0 P 0
L 2.6929134 0.7185039 2.6929134 0.7775591 0 P 0
L 2.6929134 1.1122047 2.6929134 1.1712599 0 P 0
L 2.6929135 1.5059055 2.6929135 1.5649607 0 P 0
L 2.6949055 5.9689921 2.6949055 6.1569921 0 P 0
L 2.6949055 5.9689921 2.8519055 5.9689921 0 P 0
L 2.6949055 6.1569921 2.8519055 6.1569921 0 P 0
L 2.6977953 0.5255512 2.6977953 0.6545512 0 P 0
L 2.7007873 0.7185039 2.7007873 0.7775591 0 P 0
L 2.7007873 0.7185039 2.7322834 0.7185039 0 P 0
L 2.7007873 0.7775591 2.7322834 0.7775591 0 P 0
L 2.7007873 1.1122047 2.7007873 1.1712599 0 P 0
L 2.7007873 1.1122047 2.7322834 1.1122047 0 P 0
L 2.7007873 1.1712599 2.7322834 1.1712599 0 P 0
L 2.7047244 0.7480315 2.7283464 0.7480315 0 P 0
L 2.7047244 1.1417323 2.7283464 1.1417323 0 P 0
L 2.7047244 2.0472441 2.7283464 2.0472441 0 P 0
L 2.7047244 2.0866142 2.7283464 2.0866142 0 P 0
L 2.7047244 2.1259843 2.7283464 2.1259843 0 P 0
L 2.7047244 2.1653543 2.7283464 2.1653543 0 P 0
L 2.7063858 2.3520551 2.7063858 2.7660551 0 P 0
L 2.7063858 2.3520551 3.1203858 2.3520551 0 P 0
L 2.7063858 2.7660551 3.1203858 2.7660551 0 P 0
L 2.7063858 3.7300079 2.7063858 4.1440079 0 P 0
L 2.7063858 3.7300079 3.1203858 3.7300079 0 P 0
L 2.7063858 4.1440079 3.1203858 4.1440079 0 P 0
L 2.7165354 0.7362205 2.7165354 0.7598425 0 P 0
L 2.7165354 1.1299213 2.7165354 1.1535433 0 P 0
L 2.7165354 2.0354331 2.7165354 2.0590551 0 P 0
L 2.7165354 2.0748032 2.7165354 2.0984252 0 P 0
L 2.7165354 2.1141733 2.7165354 2.1377953 0 P 0
L 2.7165354 2.1535433 2.7165354 2.1771653 0 P 0
L 2.7322834 0.7185039 2.7322834 0.7775591 0 P 0
L 2.7322834 1.1122047 2.7322834 1.1712599 0 P 0
L 2.7401574 1.1122047 2.7401574 1.1712599 0 P 0
L 2.7401574 1.1122047 2.7716535 1.1122047 0 P 0
L 2.7401574 1.1712599 2.7716535 1.1712599 0 P 0
L 2.7401574 2.9822834 2.7401574 3.0413386 0 P 0
L 2.7401574 2.9822834 2.7716535 2.9822834 0 P 0
L 2.7401574 3.0413386 2.7716535 3.0413386 0 P 0
L 2.7440945 1.1417323 2.7677165 1.1417323 0 P 0
L 2.7440945 3.011811 2.7677165 3.011811 0 P 0
L 2.7440945 6.0629921 2.7677165 6.0629921 0 P 0
L 2.746063 2.0314961 2.746063 2.0629922 0 P 0
L 2.746063 2.0708661 2.746063 2.1023622 0 P 0
L 2.746063 2.1102363 2.746063 2.1417324 0 P 0
L 2.746063 2.1496063 2.746063 2.1811024 0 P 0
L 2.7559055 1.1299213 2.7559055 1.1535433 0 P 0
L 2.7559055 3 2.7559055 3.023622 0 P 0
L 2.7559055 6.0511811 2.7559055 6.0748031 0 P 0
L 2.765748 1.3622048 2.765748 1.3937009 0 P 0
L 2.765748 1.3622048 2.8248032 1.3622048 0 P 0
L 2.765748 1.3937009 2.8248032 1.3937009 0 P 0
L 2.765748 2.0314961 2.765748 2.0629922 0 P 0
L 2.765748 2.0314961 2.8248032 2.0314961 0 P 0
L 2.765748 2.0629922 2.8248032 2.0629922 0 P 0
L 2.765748 2.1496063 2.765748 2.1811024 0 P 0
L 2.765748 2.1496063 2.8248032 2.1496063 0 P 0
L 2.765748 2.1811024 2.8248032 2.1811024 0 P 0
L 2.7702756 2.0762992 2.7702756 2.1362992 0 P 0
L 2.7702756 2.0762992 2.8202756 2.0762992 0 P 0
L 2.7702756 2.1362992 2.8202756 2.1362992 0 P 0
L 2.7716535 1.1122047 2.7716535 1.1712599 0 P 0
L 2.7716535 2.9822834 2.7716535 3.0413386 0 P 0
L 2.7795275 2.9822834 2.7795275 3.0413386 0 P 0
L 2.7795275 2.9822834 2.8110236 2.9822834 0 P 0
L 2.7795275 3.0413386 2.8110236 3.0413386 0 P 0
L 2.7795275 3.1791338 2.7795275 3.238189 0 P 0
L 2.7795275 3.1791338 2.8110236 3.1791338 0 P 0
L 2.7795275 3.238189 2.8110236 3.238189 0 P 0
L 2.7834646 1.3779528 2.8070866 1.3779528 0 P 0
L 2.7834646 2.0472441 2.8070866 2.0472441 0 P 0
L 2.7834646 2.1062992 2.8070866 2.1062992 0 P 0
L 2.7834646 2.1653543 2.8070866 2.1653543 0 P 0
L 2.7834646 3.011811 2.8070866 3.011811 0 P 0
L 2.7834646 3.2086614 2.8070866 3.2086614 0 P 0
L 2.7952756 1.3661418 2.7952756 1.3897638 0 P 0
L 2.7952756 2.0354331 2.7952756 2.0590551 0 P 0
L 2.7952756 2.0944882 2.7952756 2.1181102 0 P 0
L 2.7952756 2.1535433 2.7952756 2.1771653 0 P 0
L 2.7952756 3 2.7952756 3.023622 0 P 0
L 2.7952756 3.1968504 2.7952756 3.2204724 0 P 0
L 2.8110236 2.9822834 2.8110236 3.0413386 0 P 0
L 2.8110236 3.1791338 2.8110236 3.238189 0 P 0
L 2.819685 2.7795276 2.819685 2.8110237 0 P 0
L 2.819685 2.7795276 2.8787402 2.7795276 0 P 0
L 2.819685 2.8110237 2.8787402 2.8110237 0 P 0
L 2.8202756 2.0762992 2.8202756 2.1362992 0 P 0
L 2.8248032 1.3622048 2.8248032 1.3937009 0 P 0
L 2.8248032 2.0314961 2.8248032 2.0629922 0 P 0
L 2.8248032 2.1496063 2.8248032 2.1811024 0 P 0
L 2.8374016 2.7952756 2.8610236 2.7952756 0 P 0
L 2.8492126 2.7834646 2.8492126 2.8070866 0 P 0
L 2.8503936 4.1830708 2.8503936 4.242126 0 P 0
L 2.8503936 4.1830708 2.8818897 4.1830708 0 P 0
L 2.8503936 4.242126 2.8818897 4.242126 0 P 0
L 2.8519055 5.9689921 2.8519055 6.1569921 0 P 0
L 2.8543307 4.2125984 2.8779527 4.2125984 0 P 0
L 2.8582676 6.0503936 2.8582676 6.1094488 0 P 0
L 2.8582676 6.0503936 2.8897637 6.0503936 0 P 0
L 2.8582676 6.1094488 2.8897637 6.1094488 0 P 0
L 2.8622047 6.0799212 2.8858267 6.0799212 0 P 0
L 2.8661417 4.2007874 2.8661417 4.2244094 0 P 0
L 2.8740157 6.0681102 2.8740157 6.0917322 0 P 0
L 2.8787402 2.7795276 2.8787402 2.8110237 0 P 0
L 2.8818897 4.1830708 2.8818897 4.242126 0 P 0
L 2.8818898 4.1830708 2.8818898 4.242126 0 P 0
L 2.8818898 4.1830708 2.9133859 4.1830708 0 P 0
L 2.8818898 4.242126 2.9133859 4.242126 0 P 0
L 2.8850393 2.7795276 2.8850393 2.8110237 0 P 0
L 2.8850393 2.7795276 2.9440945 2.7795276 0 P 0
L 2.8850393 2.8110237 2.9440945 2.8110237 0 P 0
L 2.8858268 4.2125984 2.9094488 4.2125984 0 P 0
L 2.8897637 6.0503936 2.8897637 6.1094488 0 P 0
L 2.8976377 6.0503936 2.8976377 6.1094488 0 P 0
L 2.8976377 6.0503936 2.9291338 6.0503936 0 P 0
L 2.8976377 6.1094488 2.9291338 6.1094488 0 P 0
L 2.8976378 4.2007874 2.8976378 4.2244094 0 P 0
L 2.9015748 2.5590551 2.9251968 2.5590551 0 P 0
L 2.9015748 3.9370079 2.9251968 3.9370079 0 P 0
L 2.9015748 6.0799212 2.9251968 6.0799212 0 P 0
L 2.9027559 2.7952756 2.9263779 2.7952756 0 P 0
L 2.9133858 2.5472441 2.9133858 2.5708661 0 P 0
L 2.9133858 3.9251969 2.9133858 3.9488189 0 P 0
L 2.9133858 4.1830708 2.9133858 4.242126 0 P 0
L 2.9133858 4.1830708 2.9448819 4.1830708 0 P 0
L 2.9133858 4.242126 2.9448819 4.242126 0 P 0
L 2.9133858 6.0681102 2.9133858 6.0917322 0 P 0
L 2.9133859 4.1830708 2.9133859 4.242126 0 P 0
L 2.9145669 2.7834646 2.9145669 2.8070866 0 P 0
L 2.9173228 4.2125984 2.9409448 4.2125984 0 P 0
L 2.9291338 4.2007874 2.9291338 4.2244094 0 P 0
L 2.9291338 6.0503936 2.9291338 6.1094488 0 P 0
L 2.9440945 2.7795276 2.9440945 2.8110237 0 P 0
L 2.9448819 4.1830708 2.9448819 4.242126 0 P 0
L 2.9448819 4.1830708 2.9448819 4.242126 0 P 0
L 2.9448819 4.1830708 2.976378 4.1830708 0 P 0
L 2.9448819 4.242126 2.976378 4.242126 0 P 0
L 2.9488189 4.2125984 2.9724409 4.2125984 0 P 0
L 2.9606299 4.2007874 2.9606299 4.2244094 0 P 0
L 2.9625984 6.047244 2.9625984 6.0787401 0 P 0
L 2.9625984 6.047244 3.0216536 6.047244 0 P 0
L 2.9625984 6.0787401 3.0216536 6.0787401 0 P 0
L 2.976378 4.1830708 2.976378 4.242126 0 P 0
L 2.980315 6.0629921 3.003937 6.0629921 0 P 0
L 2.992126 6.0511811 2.992126 6.0748031 0 P 0
L 3.0216536 6.047244 3.0216536 6.0787401 0 P 0
L 3.0413385 4.7480315 3.0413385 4.7795276 0 P 0
L 3.0413385 4.7480315 3.1003937 4.7480315 0 P 0
L 3.0413385 4.7795276 3.1003937 4.7795276 0 P 0
L 3.055118 6.0503936 3.055118 6.1094488 0 P 0
L 3.055118 6.0503936 3.0866141 6.0503936 0 P 0
L 3.055118 6.1094488 3.0866141 6.1094488 0 P 0
L 3.0590551 4.7637795 3.0826771 4.7637795 0 P 0
L 3.0590551 6.0799212 3.0826771 6.0799212 0 P 0
L 3.0708661 4.7519685 3.0708661 4.7755905 0 P 0
L 3.0708661 6.0681102 3.0708661 6.0917322 0 P 0
L 3.0866141 6.0503936 3.0866141 6.1094488 0 P 0
L 3.0944881 6.0503936 3.0944881 6.1094488 0 P 0
L 3.0944881 6.0503936 3.1259842 6.0503936 0 P 0
L 3.0944881 6.1094488 3.1259842 6.1094488 0 P 0
L 3.0984252 6.0799212 3.1220472 6.0799212 0 P 0
L 3.1003937 4.7480315 3.1003937 4.7795276 0 P 0
L 3.1102362 6.0681102 3.1102362 6.0917322 0 P 0
L 3.1203858 2.3520551 3.1203858 2.7660551 0 P 0
L 3.1203858 3.7300079 3.1203858 4.1440079 0 P 0
L 3.1259842 6.0503936 3.1259842 6.1094488 0 P 0
L 3.1594488 2.4645669 3.1594488 2.496063 0 P 0
L 3.1594488 2.4645669 3.218504 2.4645669 0 P 0
L 3.1594488 2.496063 3.218504 2.496063 0 P 0
L 3.1594488 3.8425197 3.1594488 3.8740158 0 P 0
L 3.1594488 3.8425197 3.218504 3.8425197 0 P 0
L 3.1594488 3.8740158 3.218504 3.8740158 0 P 0
L 3.1771654 2.4803149 3.2007874 2.4803149 0 P 0
L 3.1771654 3.8582677 3.2007874 3.8582677 0 P 0
L 3.1889764 2.4685039 3.1889764 2.4921259 0 P 0
L 3.1889764 3.8464567 3.1889764 3.8700787 0 P 0
L 3.1929133 0.6397637 3.1929133 0.6988189 0 P 0
L 3.1929133 0.6397637 3.2244094 0.6397637 0 P 0
L 3.1929133 0.6988189 3.2244094 0.6988189 0 P 0
L 3.1929134 0.4822834 3.1929134 0.5413386 0 P 0
L 3.1929134 0.4822834 3.2244095 0.4822834 0 P 0
L 3.1929134 0.5413386 3.2244095 0.5413386 0 P 0
L 3.1968504 0.511811 3.2204724 0.511811 0 P 0
L 3.1968504 0.6692913 3.2204724 0.6692913 0 P 0
L 3.2086614 0.5 3.2086614 0.523622 0 P 0
L 3.2086614 0.6574803 3.2086614 0.6811023 0 P 0
L 3.2165355 5.3543307 3.2401575 5.3543307 0 P 0
L 3.218504 2.4645669 3.218504 2.496063 0 P 0
L 3.218504 3.8425197 3.218504 3.8740158 0 P 0
L 3.2244094 0.6397637 3.2244094 0.6988189 0 P 0
L 3.2244095 0.4822834 3.2244095 0.5413386 0 P 0
L 3.2283465 5.3425197 3.2283465 5.3661417 0 P 0
L 3.2785433 0.4035433 3.2785433 0.4625985 0 P 0
L 3.2785433 0.4035433 3.3100394 0.4035433 0 P 0
L 3.2785433 0.4625985 3.3100394 0.4625985 0 P 0
L 3.2785433 0.7185039 3.2785433 0.7775591 0 P 0
L 3.2785433 0.7185039 3.3100394 0.7185039 0 P 0
L 3.2785433 0.7775591 3.3100394 0.7775591 0 P 0
L 3.2824804 0.4330709 3.3061024 0.4330709 0 P 0
L 3.2824804 0.7480315 3.3061024 0.7480315 0 P 0
L 3.2942914 0.4212599 3.2942914 0.4448819 0 P 0
L 3.2942914 0.7362205 3.2942914 0.7598425 0 P 0
L 3.3100394 0.4035433 3.3100394 0.4625985 0 P 0
L 3.3100394 0.7185039 3.3100394 0.7775591 0 P 0
L 3.3169291 2.3543306 3.3169291 2.3858267 0 P 0
L 3.3169291 2.3543306 3.3759843 2.3543306 0 P 0
L 3.3169291 2.3858267 3.3759843 2.3858267 0 P 0
L 3.3169291 2.4055116 3.3169291 2.4370077 0 P 0
L 3.3169291 2.4055116 3.3759843 2.4055116 0 P 0
L 3.3169291 2.4370077 3.3759843 2.4370077 0 P 0
L 3.3169291 2.4566929 3.3169291 2.488189 0 P 0
L 3.3169291 2.4566929 3.3759843 2.4566929 0 P 0
L 3.3169291 2.488189 3.3759843 2.488189 0 P 0
L 3.3169291 2.5078739 3.3169291 2.53937 0 P 0
L 3.3169291 2.5078739 3.3759843 2.5078739 0 P 0
L 3.3169291 2.53937 3.3759843 2.53937 0 P 0
L 3.3169291 2.6299211 3.3169291 2.6614172 0 P 0
L 3.3169291 2.6299211 3.3759843 2.6299211 0 P 0
L 3.3169291 2.6614172 3.3759843 2.6614172 0 P 0
L 3.3169291 2.6811023 3.3169291 2.7125984 0 P 0
L 3.3169291 2.6811023 3.3759843 2.6811023 0 P 0
L 3.3169291 2.7125984 3.3759843 2.7125984 0 P 0
L 3.3169291 2.7322835 3.3169291 2.7637796 0 P 0
L 3.3169291 2.7322835 3.3759843 2.7322835 0 P 0
L 3.3169291 2.7637796 3.3759843 2.7637796 0 P 0
L 3.3169291 2.7834646 3.3169291 2.8149607 0 P 0
L 3.3169291 2.7834646 3.3759843 2.7834646 0 P 0
L 3.3169291 2.8149607 3.3759843 2.8149607 0 P 0
L 3.3169291 2.8444882 3.3169291 2.8759843 0 P 0
L 3.3169291 2.8444882 3.3759843 2.8444882 0 P 0
L 3.3169291 2.8759843 3.3759843 2.8759843 0 P 0
L 3.3169291 2.9055118 3.3169291 2.9370079 0 P 0
L 3.3169291 2.9055118 3.3759843 2.9055118 0 P 0
L 3.3169291 2.9370079 3.3759843 2.9370079 0 P 0
L 3.3169291 2.9566929 3.3169291 2.988189 0 P 0
L 3.3169291 2.9566929 3.3759843 2.9566929 0 P 0
L 3.3169291 2.988189 3.3759843 2.988189 0 P 0
L 3.3169291 3.0078741 3.3169291 3.0393702 0 P 0
L 3.3169291 3.0078741 3.3759843 3.0078741 0 P 0
L 3.3169291 3.0393702 3.3759843 3.0393702 0 P 0
L 3.3169291 3.0590552 3.3169291 3.0905513 0 P 0
L 3.3169291 3.0590552 3.3759843 3.0590552 0 P 0
L 3.3169291 3.0905513 3.3759843 3.0905513 0 P 0
L 3.3169291 3.5177165 3.3169291 3.5492126 0 P 0
L 3.3169291 3.5177165 3.3759843 3.5177165 0 P 0
L 3.3169291 3.5492126 3.3759843 3.5492126 0 P 0
L 3.3169291 3.5570867 3.3169291 3.5885828 0 P 0
L 3.3169291 3.5570867 3.3759843 3.5570867 0 P 0
L 3.3169291 3.5885828 3.3759843 3.5885828 0 P 0
L 3.3169291 3.5964567 3.3169291 3.6279528 0 P 0
L 3.3169291 3.5964567 3.3759843 3.5964567 0 P 0
L 3.3169291 3.6279528 3.3759843 3.6279528 0 P 0
L 3.3169291 4.0108268 3.3169291 4.0423229 0 P 0
L 3.3169291 4.0108268 3.3759843 4.0108268 0 P 0
L 3.3169291 4.0423229 3.3759843 4.0423229 0 P 0
L 3.3169291 4.0620079 3.3169291 4.093504 0 P 0
L 3.3169291 4.0620079 3.3759843 4.0620079 0 P 0
L 3.3169291 4.093504 3.3759843 4.093504 0 P 0
L 3.3297244 0.4035433 3.3297244 0.4625985 0 P 0
L 3.3297244 0.4035433 3.3612205 0.4035433 0 P 0
L 3.3297244 0.4625985 3.3612205 0.4625985 0 P 0
L 3.3297244 0.7185039 3.3297244 0.7775591 0 P 0
L 3.3297244 0.7185039 3.3612205 0.7185039 0 P 0
L 3.3297244 0.7775591 3.3612205 0.7775591 0 P 0
L 3.3336615 0.4330709 3.3572835 0.4330709 0 P 0
L 3.3336615 0.7480315 3.3572835 0.7480315 0 P 0
L 3.3346457 2.3700786 3.3582677 2.3700786 0 P 0
L 3.3346457 2.4212597 3.3582677 2.4212597 0 P 0
L 3.3346457 2.4724409 3.3582677 2.4724409 0 P 0
L 3.3346457 2.523622 3.3582677 2.523622 0 P 0
L 3.3346457 2.6456692 3.3582677 2.6456692 0 P 0
L 3.3346457 2.6968504 3.3582677 2.6968504 0 P 0
L 3.3346457 2.7480316 3.3582677 2.7480316 0 P 0
L 3.3346457 2.7992127 3.3582677 2.7992127 0 P 0
L 3.3346457 2.8602363 3.3582677 2.8602363 0 P 0
L 3.3346457 2.9212599 3.3582677 2.9212599 0 P 0
L 3.3346457 2.972441 3.3582677 2.972441 0 P 0
L 3.3346457 3.0236222 3.3582677 3.0236222 0 P 0
L 3.3346457 3.0748033 3.3582677 3.0748033 0 P 0
L 3.3346457 3.5334646 3.3582677 3.5334646 0 P 0
L 3.3346457 3.5728347 3.3582677 3.5728347 0 P 0
L 3.3346457 3.6122047 3.3582677 3.6122047 0 P 0
L 3.3346457 4.0265748 3.3582677 4.0265748 0 P 0
L 3.3346457 4.077756 3.3582677 4.077756 0 P 0
L 3.3454725 0.4212599 3.3454725 0.4448819 0 P 0
L 3.3454725 0.7362205 3.3454725 0.7598425 0 P 0
L 3.3464567 2.3582676 3.3464567 2.3818896 0 P 0
L 3.3464567 2.4094487 3.3464567 2.4330707 0 P 0
L 3.3464567 2.4606299 3.3464567 2.4842519 0 P 0
L 3.3464567 2.511811 3.3464567 2.535433 0 P 0
L 3.3464567 2.6338582 3.3464567 2.6574802 0 P 0
L 3.3464567 2.6850394 3.3464567 2.7086614 0 P 0
L 3.3464567 2.7362206 3.3464567 2.7598426 0 P 0
L 3.3464567 2.7874017 3.3464567 2.8110237 0 P 0
L 3.3464567 2.8484253 3.3464567 2.8720473 0 P 0
L 3.3464567 2.9094489 3.3464567 2.9330709 0 P 0
L 3.3464567 2.96063 3.3464567 2.984252 0 P 0
L 3.3464567 3.0118112 3.3464567 3.0354332 0 P 0
L 3.3464567 3.0629923 3.3464567 3.0866143 0 P 0
L 3.3464567 3.5216536 3.3464567 3.5452756 0 P 0
L 3.3464567 3.5610237 3.3464567 3.5846457 0 P 0
L 3.3464567 3.6003937 3.3464567 3.6240157 0 P 0
L 3.3464567 4.0147638 3.3464567 4.0383858 0 P 0
L 3.3464567 4.065945 3.3464567 4.089567 0 P 0
L 3.3590548 4.7480314 3.3590548 4.7795275 0 P 0
L 3.3590548 4.7480314 3.41811 4.7480314 0 P 0
L 3.3590548 4.7795275 3.41811 4.7795275 0 P 0
L 3.3612205 0.4035433 3.3612205 0.4625985 0 P 0
L 3.3612205 0.7185039 3.3612205 0.7775591 0 P 0
L 3.3759843 2.3543306 3.3759843 2.3858267 0 P 0
L 3.3759843 2.4055116 3.3759843 2.4370077 0 P 0
L 3.3759843 2.4566929 3.3759843 2.488189 0 P 0
L 3.3759843 2.5078739 3.3759843 2.53937 0 P 0
L 3.3759843 2.6299211 3.3759843 2.6614172 0 P 0
L 3.3759843 2.6811023 3.3759843 2.7125984 0 P 0
L 3.3759843 2.7322835 3.3759843 2.7637796 0 P 0
L 3.3759843 2.7834646 3.3759843 2.8149607 0 P 0
L 3.3759843 2.8444882 3.3759843 2.8759843 0 P 0
L 3.3759843 2.9055118 3.3759843 2.9370079 0 P 0
L 3.3759843 2.9566929 3.3759843 2.988189 0 P 0
L 3.3759843 3.0078741 3.3759843 3.0393702 0 P 0
L 3.3759843 3.0590552 3.3759843 3.0905513 0 P 0
L 3.3759843 3.5177165 3.3759843 3.5492126 0 P 0
L 3.3759843 3.5570867 3.3759843 3.5885828 0 P 0
L 3.3759843 3.5964567 3.3759843 3.6279528 0 P 0
L 3.3759843 4.0108268 3.3759843 4.0423229 0 P 0
L 3.3759843 4.0620079 3.3759843 4.093504 0 P 0
L 3.3767714 4.7637795 3.4003934 4.7637795 0 P 0
L 3.3885824 4.7519685 3.3885824 4.7755905 0 P 0
L 3.3956693 1.2834646 3.3956693 1.3149607 0 P 0
L 3.3956693 1.2834646 3.4547245 1.2834646 0 P 0
L 3.3956693 1.3149607 3.4547245 1.3149607 0 P 0
L 3.3956693 1.3228346 3.3956693 1.3543307 0 P 0
L 3.3956693 1.3228346 3.4547245 1.3228346 0 P 0
L 3.3956693 1.3543307 3.4547245 1.3543307 0 P 0
L 3.3956693 1.3622047 3.3956693 1.3937008 0 P 0
L 3.3956693 1.3622047 3.4547245 1.3622047 0 P 0
L 3.3956693 1.3937008 3.4547245 1.3937008 0 P 0
L 3.4094489 0.7185039 3.4094489 0.7775591 0 P 0
L 3.4094489 0.7185039 3.440945 0.7185039 0 P 0
L 3.4094489 0.7775591 3.440945 0.7775591 0 P 0
L 3.4133859 0.7480315 3.4370079 0.7480315 0 P 0
L 3.4133859 1.2992126 3.4370079 1.2992126 0 P 0
L 3.4133859 1.3385827 3.4370079 1.3385827 0 P 0
L 3.4133859 1.3779528 3.4370079 1.3779528 0 P 0
L 3.41811 4.7480314 3.41811 4.7795275 0 P 0
L 3.4251969 0.7362205 3.4251969 0.7598425 0 P 0
L 3.4251969 1.2874016 3.4251969 1.3110236 0 P 0
L 3.4251969 1.3267717 3.4251969 1.3503937 0 P 0
L 3.4251969 1.3661418 3.4251969 1.3897638 0 P 0
L 3.440945 0.7185039 3.440945 0.7775591 0 P 0
L 3.4488188 1.1712598 3.4488188 1.230315 0 P 0
L 3.4488188 1.1712598 3.4803149 1.1712598 0 P 0
L 3.4488188 1.230315 3.4803149 1.230315 0 P 0
L 3.4488189 0.4035433 3.4488189 0.4625985 0 P 0
L 3.4488189 0.4035433 3.480315 0.4035433 0 P 0
L 3.4488189 0.4625985 3.480315 0.4625985 0 P 0
L 3.4488189 0.7185039 3.4488189 0.7775591 0 P 0
L 3.4488189 0.7185039 3.480315 0.7185039 0 P 0
L 3.4488189 0.7775591 3.480315 0.7775591 0 P 0
L 3.4493149 1.4468503 3.4493149 1.5059055 0 P 0
L 3.4493149 1.4468503 3.480811 1.4468503 0 P 0
L 3.4493149 1.5059055 3.480811 1.5059055 0 P 0
L 3.4527559 0.7480315 3.4763779 0.7480315 0 P 0
L 3.4527559 1.2007874 3.4763779 1.2007874 0 P 0
L 3.452756 0.4330709 3.476378 0.4330709 0 P 0
L 3.453252 1.4763779 3.476874 1.4763779 0 P 0
L 3.4547245 1.2834646 3.4547245 1.3149607 0 P 0
L 3.4547245 1.3228346 3.4547245 1.3543307 0 P 0
L 3.4547245 1.3622047 3.4547245 1.3937008 0 P 0
L 3.4633071 3.4443071 3.4633071 3.6423071 0 P 0
L 3.4633071 3.4443071 3.6233071 3.4443071 0 P 0
L 3.4633071 3.6423071 3.6233071 3.6423071 0 P 0
L 3.4645669 0.7362205 3.4645669 0.7598425 0 P 0
L 3.4645669 1.1889764 3.4645669 1.2125984 0 P 0
L 3.464567 0.4212599 3.464567 0.4448819 0 P 0
L 3.465063 1.4645669 3.465063 1.4881889 0 P 0
L 3.4727362 6.0439921 3.4727362 6.0819921 0 P 0
L 3.4727362 6.0439921 3.5727362 6.0439921 0 P 0
L 3.4727362 6.0819921 3.5727362 6.0819921 0 P 0
L 3.4803149 1.1712598 3.4803149 1.230315 0 P 0
L 3.480315 0.4035433 3.480315 0.4625985 0 P 0
L 3.480315 0.7185039 3.480315 0.7775591 0 P 0
L 3.480811 1.4468503 3.480811 1.5059055 0 P 0
L 3.4881889 0.4035433 3.4881889 0.4625985 0 P 0
L 3.4881889 0.4035433 3.519685 0.4035433 0 P 0
L 3.4881889 0.4625985 3.519685 0.4625985 0 P 0
L 3.4881889 0.7185039 3.4881889 0.7775591 0 P 0
L 3.4881889 0.7185039 3.519685 0.7185039 0 P 0
L 3.4881889 0.7775591 3.519685 0.7775591 0 P 0
L 3.488189 1.1712598 3.488189 1.230315 0 P 0
L 3.488189 1.1712598 3.5196851 1.1712598 0 P 0
L 3.488189 1.230315 3.5196851 1.230315 0 P 0
L 3.4886851 1.4468503 3.4886851 1.5059055 0 P 0
L 3.4886851 1.4468503 3.5201812 1.4468503 0 P 0
L 3.4886851 1.5059055 3.5201812 1.5059055 0 P 0
L 3.492126 0.4330709 3.515748 0.4330709 0 P 0
L 3.492126 0.7480315 3.515748 0.7480315 0 P 0
L 3.492126 1.2007874 3.515748 1.2007874 0 P 0
L 3.4926221 1.4763779 3.5162441 1.4763779 0 P 0
L 3.503937 0.4212599 3.503937 0.4448819 0 P 0
L 3.503937 0.7362205 3.503937 0.7598425 0 P 0
L 3.503937 1.1889764 3.503937 1.2125984 0 P 0
L 3.5044331 1.4645669 3.5044331 1.4881889 0 P 0
L 3.5109252 6.0629921 3.5345472 6.0629921 0 P 0
L 3.5137795 5.9685039 3.5137795 6 0 P 0
L 3.5137795 5.9685039 3.5728347 5.9685039 0 P 0
L 3.5137795 6 3.5728347 6 0 P 0
L 3.5137795 6.0078739 3.5137795 6.03937 0 P 0
L 3.5137795 6.0078739 3.5728347 6.0078739 0 P 0
L 3.5137795 6.03937 3.5728347 6.03937 0 P 0
L 3.519685 0.4035433 3.519685 0.4625985 0 P 0
L 3.519685 0.7185039 3.519685 0.7775591 0 P 0
L 3.5196851 1.1712598 3.5196851 1.230315 0 P 0
L 3.5201812 1.4468503 3.5201812 1.5059055 0 P 0
L 3.5227362 6.0511811 3.5227362 6.0748031 0 P 0
L 3.5314961 3.5433071 3.5551181 3.5433071 0 P 0
L 3.5314961 5.984252 3.5551181 5.984252 0 P 0
L 3.5314961 6.023622 3.5551181 6.023622 0 P 0
L 3.5347369 6.0917323 3.5347369 6.1917323 0 P 0
L 3.5347369 6.0917323 3.5727369 6.0917323 0 P 0
L 3.5347369 6.1917323 3.5727369 6.1917323 0 P 0
L 3.5419259 6.1417323 3.5655479 6.1417323 0 P 0
L 3.5433071 3.5314961 3.5433071 3.5551181 0 P 0
L 3.5433071 5.972441 3.5433071 5.996063 0 P 0
L 3.5433071 6.011811 3.5433071 6.035433 0 P 0
L 3.5537369 6.1299213 3.5537369 6.1535433 0 P 0
L 3.5727362 6.0439921 3.5727362 6.0819921 0 P 0
L 3.5727369 6.0917323 3.5727369 6.1917323 0 P 0
L 3.5728347 5.9685039 3.5728347 6 0 P 0
L 3.5728347 6.0078739 3.5728347 6.03937 0 P 0
L 3.5925196 5.968504 3.5925196 6.0000001 0 P 0
L 3.5925196 5.968504 3.6515748 5.968504 0 P 0
L 3.5925196 6.0000001 3.6515748 6.0000001 0 P 0
L 3.5925196 6.007874 3.5925196 6.0393701 0 P 0
L 3.5925196 6.007874 3.6515748 6.007874 0 P 0
L 3.5925196 6.0393701 3.6515748 6.0393701 0 P 0
L 3.5926142 6.0917323 3.5926142 6.1917323 0 P 0
L 3.5926142 6.0917323 3.6306142 6.0917323 0 P 0
L 3.5926142 6.1917323 3.6306142 6.1917323 0 P 0
L 3.5926181 6.0439921 3.5926181 6.0819921 0 P 0
L 3.5926181 6.0439921 3.6926181 6.0439921 0 P 0
L 3.5926181 6.0819921 3.6926181 6.0819921 0 P 0
L 3.5998032 6.1417323 3.6234252 6.1417323 0 P 0
L 3.6101575 0.3505512 3.6101575 0.8315512 0 P 0
L 3.6101575 0.3505512 3.8701575 0.3505512 0 P 0
L 3.6101575 0.8315512 3.8701575 0.8315512 0 P 0
L 3.6102362 5.984252 3.6338582 5.984252 0 P 0
L 3.6102362 6.023622 3.6338582 6.023622 0 P 0
L 3.6116142 6.1299213 3.6116142 6.1535433 0 P 0
L 3.6220472 5.972441 3.6220472 5.996063 0 P 0
L 3.6220472 6.011811 3.6220472 6.035433 0 P 0
L 3.6233071 3.4443071 3.6233071 3.6423071 0 P 0
L 3.6259842 1.0661417 3.6259842 1.1251969 0 P 0
L 3.6259842 1.0661417 3.6574803 1.0661417 0 P 0
L 3.6259842 1.1251969 3.6574803 1.1251969 0 P 0
L 3.6259842 1.3295276 3.6259842 1.3885828 0 P 0
L 3.6259842 1.3295276 3.6574803 1.3295276 0 P 0
L 3.6259842 1.3885828 3.6574803 1.3885828 0 P 0
L 3.6259842 1.565748 3.6259842 1.6248032 0 P 0
L 3.6259842 1.565748 3.6574803 1.565748 0 P 0
L 3.6259842 1.6248032 3.6574803 1.6248032 0 P 0
L 3.6259843 1.1515748 3.6259843 1.21063 0 P 0
L 3.6259843 1.1515748 3.6574804 1.1515748 0 P 0
L 3.6259843 1.21063 3.6574804 1.21063 0 P 0
L 3.6299213 1.0956693 3.6535433 1.0956693 0 P 0
L 3.6299213 1.1811024 3.6535433 1.1811024 0 P 0
L 3.6299213 1.3590552 3.6535433 1.3590552 0 P 0
L 3.6299213 1.5952756 3.6535433 1.5952756 0 P 0
L 3.6306142 6.0917323 3.6306142 6.1917323 0 P 0
L 3.6308071 6.0629921 3.6544291 6.0629921 0 P 0
L 3.6417323 1.0838583 3.6417323 1.1074803 0 P 0
L 3.6417323 1.1692914 3.6417323 1.1929134 0 P 0
L 3.6417323 1.3472442 3.6417323 1.3708662 0 P 0
L 3.6417323 1.5834646 3.6417323 1.6070866 0 P 0
L 3.6426181 6.0511811 3.6426181 6.0748031 0 P 0
L 3.6515748 5.968504 3.6515748 6.0000001 0 P 0
L 3.6515748 6.007874 3.6515748 6.0393701 0 P 0
L 3.6574803 1.0661417 3.6574803 1.1251969 0 P 0
L 3.6574803 1.3295276 3.6574803 1.3885828 0 P 0
L 3.6574803 1.565748 3.6574803 1.6248032 0 P 0
L 3.6574804 1.1515748 3.6574804 1.21063 0 P 0
L 3.6701575 1.2785827 3.6701575 1.3985827 0 P 0
L 3.6701575 1.2785827 3.8101575 1.2785827 0 P 0
L 3.6701575 1.3985827 3.8101575 1.3985827 0 P 0
L 3.6701575 1.5148031 3.6701575 1.6348031 0 P 0
L 3.6701575 1.5148031 3.8101575 1.5148031 0 P 0
L 3.6701575 1.6348031 3.8101575 1.6348031 0 P 0
L 3.6926181 6.0439921 3.6926181 6.0819921 0 P 0
L 3.7106299 2.3543306 3.7106299 2.3858267 0 P 0
L 3.7106299 2.3543306 3.7696851 2.3543306 0 P 0
L 3.7106299 2.3858267 3.7696851 2.3858267 0 P 0
L 3.7106299 2.4055116 3.7106299 2.4370077 0 P 0
L 3.7106299 2.4055116 3.7696851 2.4055116 0 P 0
L 3.7106299 2.4370077 3.7696851 2.4370077 0 P 0
L 3.7106299 2.4566929 3.7106299 2.488189 0 P 0
L 3.7106299 2.4566929 3.7696851 2.4566929 0 P 0
L 3.7106299 2.488189 3.7696851 2.488189 0 P 0
L 3.7106299 2.5078739 3.7106299 2.53937 0 P 0
L 3.7106299 2.5078739 3.7696851 2.5078739 0 P 0
L 3.7106299 2.53937 3.7696851 2.53937 0 P 0
L 3.7106299 2.6299211 3.7106299 2.6614172 0 P 0
L 3.7106299 2.6299211 3.7696851 2.6299211 0 P 0
L 3.7106299 2.6614172 3.7696851 2.6614172 0 P 0
L 3.7106299 2.6811023 3.7106299 2.7125984 0 P 0
L 3.7106299 2.6811023 3.7696851 2.6811023 0 P 0
L 3.7106299 2.7125984 3.7696851 2.7125984 0 P 0
L 3.7106299 2.7322835 3.7106299 2.7637796 0 P 0
L 3.7106299 2.7322835 3.7696851 2.7322835 0 P 0
L 3.7106299 2.7637796 3.7696851 2.7637796 0 P 0
L 3.7106299 2.7834646 3.7106299 2.8149607 0 P 0
L 3.7106299 2.7834646 3.7696851 2.7834646 0 P 0
L 3.7106299 2.8149607 3.7696851 2.8149607 0 P 0
L 3.7106299 2.8444882 3.7106299 2.8759843 0 P 0
L 3.7106299 2.8444882 3.7696851 2.8444882 0 P 0
L 3.7106299 2.8759843 3.7696851 2.8759843 0 P 0
L 3.7106299 3.0590552 3.7106299 3.0905513 0 P 0
L 3.7106299 3.0590552 3.7696851 3.0590552 0 P 0
L 3.7106299 3.0905513 3.7696851 3.0905513 0 P 0
L 3.7106299 4.062008 3.7106299 4.0935041 0 P 0
L 3.7106299 4.062008 3.7696851 4.062008 0 P 0
L 3.7106299 4.0935041 3.7696851 4.0935041 0 P 0
L 3.7283465 0.5905512 3.7519685 0.5905512 0 P 0
L 3.7283465 1.3385827 3.7519685 1.3385827 0 P 0
L 3.7283465 1.5748031 3.7519685 1.5748031 0 P 0
L 3.7283465 2.3700786 3.7519685 2.3700786 0 P 0
L 3.7283465 2.4212597 3.7519685 2.4212597 0 P 0
L 3.7283465 2.4724409 3.7519685 2.4724409 0 P 0
L 3.7283465 2.523622 3.7519685 2.523622 0 P 0
L 3.7283465 2.6456691 3.7519685 2.6456691 0 P 0
L 3.7283465 2.6968503 3.7519685 2.6968503 0 P 0
L 3.7283465 2.7480315 3.7519685 2.7480315 0 P 0
L 3.7283465 2.7992126 3.7519685 2.7992126 0 P 0
L 3.7283465 2.8602362 3.7519685 2.8602362 0 P 0
L 3.7283465 3.0748032 3.7519685 3.0748032 0 P 0
L 3.7283465 4.077756 3.7519685 4.077756 0 P 0
L 3.7401575 0.5787402 3.7401575 0.6023622 0 P 0
L 3.7401575 1.3267717 3.7401575 1.3503937 0 P 0
L 3.7401575 1.5629921 3.7401575 1.5866141 0 P 0
L 3.7401575 2.3582676 3.7401575 2.3818896 0 P 0
L 3.7401575 2.4094487 3.7401575 2.4330707 0 P 0
L 3.7401575 2.4606299 3.7401575 2.4842519 0 P 0
L 3.7401575 2.511811 3.7401575 2.535433 0 P 0
L 3.7401575 2.6338581 3.7401575 2.6574801 0 P 0
L 3.7401575 2.6850393 3.7401575 2.7086613 0 P 0
L 3.7401575 2.7362205 3.7401575 2.7598425 0 P 0
L 3.7401575 2.7874016 3.7401575 2.8110236 0 P 0
L 3.7401575 2.8484252 3.7401575 2.8720472 0 P 0
L 3.7401575 3.0629922 3.7401575 3.0866142 0 P 0
L 3.7401575 4.065945 3.7401575 4.089567 0 P 0
L 3.7696851 2.3543306 3.7696851 2.3858267 0 P 0
L 3.7696851 2.4055116 3.7696851 2.4370077 0 P 0
L 3.7696851 2.4566929 3.7696851 2.488189 0 P 0
L 3.7696851 2.5078739 3.7696851 2.53937 0 P 0
L 3.7696851 2.6299211 3.7696851 2.6614172 0 P 0
L 3.7696851 2.6811023 3.7696851 2.7125984 0 P 0
L 3.7696851 2.7322835 3.7696851 2.7637796 0 P 0
L 3.7696851 2.7834646 3.7696851 2.8149607 0 P 0
L 3.7696851 2.8444882 3.7696851 2.8759843 0 P 0
L 3.7696851 3.0590552 3.7696851 3.0905513 0 P 0
L 3.7696851 4.062008 3.7696851 4.0935041 0 P 0
L 3.7833465 4.7993307 3.7833465 5.9093307 0 P 0
L 3.8101575 1.2785827 3.8101575 1.3985827 0 P 0
L 3.8101575 1.5148031 3.8101575 1.6348031 0 P 0
L 3.8195827 1.2949804 3.8195827 1.3949804 0 P 0
L 3.8195827 1.2949804 3.8575827 1.2949804 0 P 0
L 3.8195827 1.3949804 3.8575827 1.3949804 0 P 0
L 3.8195827 1.5312008 3.8195827 1.6312008 0 P 0
L 3.8195827 1.5312008 3.8575827 1.5312008 0 P 0
L 3.8195827 1.6312008 3.8575827 1.6312008 0 P 0
L 3.8228347 1.0661417 3.8228347 1.1251969 0 P 0
L 3.8228347 1.0661417 3.8543308 1.0661417 0 P 0
L 3.8228347 1.1251969 3.8543308 1.1251969 0 P 0
L 3.8267717 1.0956693 3.8503937 1.0956693 0 P 0
L 3.8267717 1.3449804 3.8503937 1.3449804 0 P 0
L 3.8267717 1.5812008 3.8503937 1.5812008 0 P 0
L 3.8385827 1.0838583 3.8385827 1.1074803 0 P 0
L 3.8385827 1.3331694 3.8385827 1.3567914 0 P 0
L 3.8385827 1.5693898 3.8385827 1.5930118 0 P 0
L 3.8425197 5.5019685 3.8425197 5.5610237 0 P 0
L 3.8425197 5.5019685 3.8740158 5.5019685 0 P 0
L 3.8425197 5.5610237 3.8740158 5.5610237 0 P 0
L 3.8464567 5.5314961 3.8700787 5.5314961 0 P 0
L 3.8543308 1.0661417 3.8543308 1.1251969 0 P 0
L 3.8575827 1.2949804 3.8575827 1.3949804 0 P 0
L 3.8575827 1.5312008 3.8575827 1.6312008 0 P 0
L 3.8582677 5.5196851 3.8582677 5.5433071 0 P 0
L 3.8622048 1.3295276 3.8622048 1.3885828 0 P 0
L 3.8622048 1.3295276 3.8937009 1.3295276 0 P 0
L 3.8622048 1.3885828 3.8937009 1.3885828 0 P 0
L 3.8622048 1.565748 3.8622048 1.6248032 0 P 0
L 3.8622048 1.565748 3.8937009 1.565748 0 P 0
L 3.8622048 1.6248032 3.8937009 1.6248032 0 P 0
L 3.8661418 1.3590552 3.8897638 1.3590552 0 P 0
L 3.8661418 1.5952756 3.8897638 1.5952756 0 P 0
L 3.8701575 0.3505512 3.8701575 0.8315512 0 P 0
L 3.8740158 5.5019685 3.8740158 5.5610237 0 P 0
L 3.8779528 1.3472442 3.8779528 1.3708662 0 P 0
L 3.8779528 1.5834646 3.8779528 1.6070866 0 P 0
L 3.8937009 1.3295276 3.8937009 1.3885828 0 P 0
L 3.8937009 1.565748 3.8937009 1.6248032 0 P 0
L 3.9015747 1.3295276 3.9015747 1.3885828 0 P 0
L 3.9015747 1.3295276 3.9330708 1.3295276 0 P 0
L 3.9015747 1.3885828 3.9330708 1.3885828 0 P 0
L 3.9015747 1.565748 3.9015747 1.6248032 0 P 0
L 3.9015747 1.565748 3.9330708 1.565748 0 P 0
L 3.9015747 1.6248032 3.9330708 1.6248032 0 P 0
L 3.9055118 1.3590552 3.9291338 1.3590552 0 P 0
L 3.9055118 1.5952756 3.9291338 1.5952756 0 P 0
L 3.9074803 6.0622519 3.9074803 6.093748 0 P 0
L 3.9074803 6.0622519 3.9665355 6.0622519 0 P 0
L 3.9074803 6.093748 3.9665355 6.093748 0 P 0
L 3.9087086 4.8368898 3.9087087 5.8488898 0 P 0
L 3.9087086 4.8368898 4.6447087 4.8368898 0 P 0
L 3.9087087 5.8488898 4.6447087 5.8488898 0 P 0
L 3.9173228 1.3472442 3.9173228 1.3708662 0 P 0
L 3.9173228 1.5834646 3.9173228 1.6070866 0 P 0
L 3.9251969 6.078 3.9488189 6.078 0 P 0
L 3.9330708 1.3295276 3.9330708 1.3885828 0 P 0
L 3.9330708 1.565748 3.9330708 1.6248032 0 P 0
L 3.9370079 6.066189 3.9370079 6.089811 0 P 0
L 3.9665355 6.0622519 3.9665355 6.093748 0 P 0
L 4.019685 4.6161417 4.019685 4.6751969 0 P 0
L 4.019685 4.6161417 4.0511811 4.6161417 0 P 0
L 4.019685 4.6751969 4.0511811 4.6751969 0 P 0
L 4.0236221 4.6456693 4.0472441 4.6456693 0 P 0
L 4.0354331 4.6338583 4.0354331 4.6574803 0 P 0
L 4.0511811 4.6161417 4.0511811 4.6751969 0 P 0
L 4.059055 4.6161417 4.059055 4.6751969 0 P 0
L 4.059055 4.6161417 4.0905511 4.6161417 0 P 0
L 4.059055 4.6751969 4.0905511 4.6751969 0 P 0
L 4.0629921 4.6456693 4.0866141 4.6456693 0 P 0
L 4.0748031 4.6338583 4.0748031 4.6574803 0 P 0
L 4.0905511 4.6161417 4.0905511 4.6751969 0 P 0
L 4.0984252 4.6161417 4.0984252 4.6751969 0 P 0
L 4.0984252 4.6161417 4.1299213 4.6161417 0 P 0
L 4.0984252 4.6751969 4.1299213 4.6751969 0 P 0
L 4.1023622 4.6456693 4.1259842 4.6456693 0 P 0
L 4.1141732 4.6338583 4.1141732 4.6574803 0 P 0
L 4.1299213 4.6161417 4.1299213 4.6751969 0 P 0
L 4.1432283 4.6206693 4.1432283 4.6706693 0 P 0
L 4.1432283 4.6206693 4.2032283 4.6206693 0 P 0
L 4.1432283 4.6706693 4.2032283 4.6706693 0 P 0
L 4.1614173 4.6456693 4.1850393 4.6456693 0 P 0
L 4.1732283 4.6338583 4.1732283 4.6574803 0 P 0
L 4.1830708 4.7874015 4.1830708 4.8188976 0 P 0
L 4.1830708 4.7874015 4.242126 4.7874015 0 P 0
L 4.1830708 4.8188976 4.242126 4.8188976 0 P 0
L 4.2007874 4.8031496 4.2244094 4.8031496 0 P 0
L 4.2032283 4.6206693 4.2032283 4.6706693 0 P 0
L 4.2125984 4.7913386 4.2125984 4.8149606 0 P 0
L 4.242126 4.7874015 4.242126 4.8188976 0 P 0
L 4.281496 4.7874015 4.281496 4.8188976 0 P 0
L 4.281496 4.7874015 4.3405512 4.7874015 0 P 0
L 4.281496 4.8188976 4.3405512 4.8188976 0 P 0
L 4.2992126 4.8031496 4.3228346 4.8031496 0 P 0
L 4.3011811 6.0616142 4.3011811 6.0931103 0 P 0
L 4.3011811 6.0616142 4.3602363 6.0616142 0 P 0
L 4.3011811 6.0931103 4.3602363 6.0931103 0 P 0
L 4.3011811 6.1116142 4.3011811 6.1431103 0 P 0
L 4.3011811 6.1116142 4.3602363 6.1116142 0 P 0
L 4.3011811 6.1431103 4.3602363 6.1431103 0 P 0
L 4.3011811 6.1616142 4.3011811 6.1931103 0 P 0
L 4.3011811 6.1616142 4.3602363 6.1616142 0 P 0
L 4.3011811 6.1931103 4.3602363 6.1931103 0 P 0
L 4.3011811 6.2009843 4.3011811 6.2324804 0 P 0
L 4.3011811 6.2009843 4.3602363 6.2009843 0 P 0
L 4.3011811 6.2324804 4.3602363 6.2324804 0 P 0
L 4.3110236 4.7913386 4.3110236 4.8149606 0 P 0
L 4.3188977 6.0773622 4.3425197 6.0773622 0 P 0
L 4.3188977 6.1273622 4.3425197 6.1273622 0 P 0
L 4.3188977 6.1773622 4.3425197 6.1773622 0 P 0
L 4.3188977 6.2167323 4.3425197 6.2167323 0 P 0
L 4.3307087 6.0655512 4.3307087 6.0891732 0 P 0
L 4.3307087 6.1155512 4.3307087 6.1391732 0 P 0
L 4.3307087 6.1655512 4.3307087 6.1891732 0 P 0
L 4.3307087 6.2049213 4.3307087 6.2285433 0 P 0
L 4.3405512 4.7874015 4.3405512 4.8188976 0 P 0
L 4.3602363 6.0616142 4.3602363 6.0931103 0 P 0
L 4.3602363 6.1116142 4.3602363 6.1431103 0 P 0
L 4.3602363 6.1616142 4.3602363 6.1931103 0 P 0
L 4.3602363 6.2009843 4.3602363 6.2324804 0 P 0
L 4.3740157 4.6161417 4.3740157 4.6751969 0 P 0
L 4.3740157 4.6161417 4.4055118 4.6161417 0 P 0
L 4.3740157 4.6751969 4.4055118 4.6751969 0 P 0
L 4.3779528 4.6456693 4.4015748 4.6456693 0 P 0
L 4.3897638 4.6338583 4.3897638 4.6574803 0 P 0
L 4.3996063 4.7874015 4.3996063 4.8188976 0 P 0
L 4.3996063 4.7874015 4.4586615 4.7874015 0 P 0
L 4.3996063 4.8188976 4.4586615 4.8188976 0 P 0
L 4.4055118 4.6161417 4.4055118 4.6751969 0 P 0
L 4.4133858 4.6161417 4.4133858 4.6751969 0 P 0
L 4.4133858 4.6161417 4.4448819 4.6161417 0 P 0
L 4.4133858 4.6751969 4.4448819 4.6751969 0 P 0
L 4.4173229 4.6456693 4.4409449 4.6456693 0 P 0
L 4.4173229 4.8031496 4.4409449 4.8031496 0 P 0
L 4.4291339 4.6338583 4.4291339 4.6574803 0 P 0
L 4.4291339 4.7913386 4.4291339 4.8149606 0 P 0
L 4.4448819 4.6161417 4.4448819 4.6751969 0 P 0
L 4.4527559 4.6161417 4.4527559 4.6751969 0 P 0
L 4.4527559 4.6161417 4.484252 4.6161417 0 P 0
L 4.4527559 4.6751969 4.484252 4.6751969 0 P 0
L 4.4566929 4.6456693 4.4803149 4.6456693 0 P 0
L 4.4586615 4.7874015 4.4586615 4.8188976 0 P 0
L 4.4685039 4.6338583 4.4685039 4.6574803 0 P 0
L 4.4783464 4.7874016 4.4783464 4.8188977 0 P 0
L 4.4783464 4.7874016 4.5374016 4.7874016 0 P 0
L 4.4783464 4.8188977 4.5374016 4.8188977 0 P 0
L 4.484252 4.6161417 4.484252 4.6751969 0 P 0
L 4.496063 4.8031496 4.519685 4.8031496 0 P 0
L 4.4975591 4.6206693 4.4975591 4.6706693 0 P 0
L 4.4975591 4.6206693 4.5575591 4.6206693 0 P 0
L 4.4975591 4.6706693 4.5575591 4.6706693 0 P 0
L 4.507874 4.7913386 4.507874 4.8149606 0 P 0
L 4.5157481 4.6456693 4.5393701 4.6456693 0 P 0
L 4.5275591 4.6338583 4.5275591 4.6574803 0 P 0
L 4.5374016 4.7874016 4.5374016 4.8188977 0 P 0
L 4.5575591 4.6206693 4.5575591 4.6706693 0 P 0
L 4.6447087 4.8368898 4.6447087 5.8488898 0 P 0
L 5.7185039 2.1539527 5.7185039 2.1854488 0 P 0
L 5.7185039 2.1539527 5.7775591 2.1539527 0 P 0
L 5.7185039 2.1854488 5.7775591 2.1854488 0 P 0
L 5.7185039 2.2031653 5.7185039 2.2346614 0 P 0
L 5.7185039 2.2031653 5.7775591 2.2031653 0 P 0
L 5.7185039 2.2346614 5.7775591 2.2346614 0 P 0
L 5.7185039 2.2523779 5.7185039 2.283874 0 P 0
L 5.7185039 2.2523779 5.7775591 2.2523779 0 P 0
L 5.7185039 2.283874 5.7775591 2.283874 0 P 0
L 5.7185039 2.8336614 5.7185039 2.8651575 0 P 0
L 5.7185039 2.8336614 5.7775591 2.8336614 0 P 0
L 5.7185039 2.8651575 5.7775591 2.8651575 0 P 0
L 5.7185039 3.4137952 5.7185039 3.4452913 0 P 0
L 5.7185039 3.4137952 5.7775591 3.4137952 0 P 0
L 5.7185039 3.4452913 5.7775591 3.4452913 0 P 0
L 5.7185039 3.4630078 5.7185039 3.4945039 0 P 0
L 5.7185039 3.4630078 5.7775591 3.4630078 0 P 0
L 5.7185039 3.4945039 5.7775591 3.4945039 0 P 0
L 5.7185039 3.5122205 5.7185039 3.5437166 0 P 0
L 5.7185039 3.5122205 5.7775591 3.5122205 0 P 0
L 5.7185039 3.5437166 5.7775591 3.5437166 0 P 0
L 5.7185039 4.0830866 5.7185039 4.1145827 0 P 0
L 5.7185039 4.0830866 5.7775591 4.0830866 0 P 0
L 5.7185039 4.1145827 5.7775591 4.1145827 0 P 0
L 5.7185039 4.1322992 5.7185039 4.1637953 0 P 0
L 5.7185039 4.1322992 5.7775591 4.1322992 0 P 0
L 5.7185039 4.1637953 5.7775591 4.1637953 0 P 0
L 5.7185039 4.1815118 5.7185039 4.2130079 0 P 0
L 5.7185039 4.1815118 5.7775591 4.1815118 0 P 0
L 5.7185039 4.2130079 5.7775591 4.2130079 0 P 0
L 5.7362205 2.1697008 5.7598425 2.1697008 0 P 0
L 5.7362205 2.2189134 5.7598425 2.2189134 0 P 0
L 5.7362205 2.268126 5.7598425 2.268126 0 P 0
L 5.7362205 2.8494095 5.7598425 2.8494095 0 P 0
L 5.7362205 3.4295433 5.7598425 3.4295433 0 P 0
L 5.7362205 3.4787559 5.7598425 3.4787559 0 P 0
L 5.7362205 3.5279686 5.7598425 3.5279686 0 P 0
L 5.7362205 4.0988347 5.7598425 4.0988347 0 P 0
L 5.7362205 4.1480473 5.7598425 4.1480473 0 P 0
L 5.7362205 4.1972599 5.7598425 4.1972599 0 P 0
L 5.7480315 2.1578898 5.7480315 2.1815118 0 P 0
L 5.7480315 2.2071024 5.7480315 2.2307244 0 P 0
L 5.7480315 2.256315 5.7480315 2.279937 0 P 0
L 5.7480315 2.8375985 5.7480315 2.8612205 0 P 0
L 5.7480315 3.4177323 5.7480315 3.4413543 0 P 0
L 5.7480315 3.4669449 5.7480315 3.4905669 0 P 0
L 5.7480315 3.5161576 5.7480315 3.5397796 0 P 0
L 5.7480315 4.0870237 5.7480315 4.1106457 0 P 0
L 5.7480315 4.1362363 5.7480315 4.1598583 0 P 0
L 5.7480315 4.1854489 5.7480315 4.2090709 0 P 0
L 5.7775591 2.1539527 5.7775591 2.1854488 0 P 0
L 5.7775591 2.2031653 5.7775591 2.2346614 0 P 0
L 5.7775591 2.2523779 5.7775591 2.283874 0 P 0
L 5.7775591 2.8336614 5.7775591 2.8651575 0 P 0
L 5.7775591 3.4137952 5.7775591 3.4452913 0 P 0
L 5.7775591 3.4630078 5.7775591 3.4945039 0 P 0
L 5.7775591 3.5122205 5.7775591 3.5437166 0 P 0
L 5.7775591 4.0830866 5.7775591 4.1145827 0 P 0
L 5.7775591 4.1322992 5.7775591 4.1637953 0 P 0
L 5.7775591 4.1815118 5.7775591 4.2130079 0 P 0
