UNITS=MM
#Layer_Color=32768
#
#Feature symbol names
#
$0 r99.9998
$1 r19.99996
$2 r9.99998

#
#Feature attribute names
#

#
#Layer features
#
A -6.9999987 87.99999926 -6.9999987 87.99999926 -7.99999924 87.99999926 0 P 0 N
A -10.00000032 87.99999926 -10.00000032 87.99999926 -11.00000086 87.99999926 0 P 0 N
A -12.9999994 87.99999926 -12.9999994 87.99999926 -13.99999994 87.99999926 0 P 0 N
A -15.99999848 87.99999926 -15.99999848 87.99999926 -16.99999902 87.99999926 0 P 0 N
A -21.99999918 105.00000082 -21.99999918 105.00000082 -22.99999972 105.00000082 0 P 0 N
A -24.99999826 96.99999904 -24.99999826 96.99999904 -25.9999988 96.99999904 0 P 0 N
A -34.67999922 96.99999904 -34.67999922 96.99999904 -35.67999976 96.99999904 0 P 0 N
A -48.99999852 100.00000066 -48.99999852 100.00000066 -49.99999906 100.00000066 0 P 0 N
A 3.00000162 104.00000028 3.00000162 104.00000028 2.00000108 104.00000028 0 P 0 N
A 6.0000007 104.00000028 6.0000007 104.00000028 5.00000016 104.00000028 0 P 0 N
A 8.00000178 97.99999958 8.00000178 97.99999958 7.00000124 97.99999958 0 P 0 N
A 12.9999994 97.99999958 12.9999994 97.99999958 11.99999886 97.99999958 0 P 0 N
A 18.29820064 102.99999974 18.29820064 102.99999974 17.2982001 102.99999974 0 P 0 N
A 26.00000134 80.00000002 26.00000134 80.00000002 25.0000008 80.00000002 0 P 0 N
A 26.00000134 85.00000018 26.00000134 85.00000018 25.0000008 85.00000018 0 P 0 N
A 26.99999934 110.00000098 26.99999934 110.00000098 25.9999988 110.00000098 0 P 0 N
A 41.99999982 100.00000066 41.99999982 100.00000066 40.99999928 100.00000066 0 P 0 N
A 41.99999982 104.00000028 41.99999982 104.00000028 40.99999928 104.00000028 0 P 0 N
A 46.99999998 101.9999992 46.99999998 101.9999992 45.99999944 101.9999992 0 P 0 N
A 53.00000068 87.99999926 53.00000068 87.99999926 52.00000014 87.99999926 0 P 0 N
A 53.00000068 91.00000088 53.00000068 91.00000088 52.00000014 91.00000088 0 P 0 N
A 53.00000068 93.99999996 53.00000068 93.99999996 52.00000014 93.99999996 0 P 0 N
A 53.00000068 101.9999992 53.00000068 101.9999992 52.00000014 101.9999992 0 P 0 N
L -0.75000104 56.62500232 -0.75000104 57.37500336 2 P 0
L -0.75000104 56.62500232 0.75000104 56.62500232 2 P 0
L -0.75000104 57.37500336 0.75000104 57.37500336 2 P 0
L -0.75000104 58.62499832 -0.75000104 59.37499936 1 P 0
L -0.75000104 58.62499832 0.75000104 58.62499832 1 P 0
L -0.75000104 59.37499936 0.75000104 59.37499936 1 P 0
L -0.75000104 62.62499794 -0.75000104 63.37499898 2 P 0
L -0.75000104 62.62499794 0.75000104 62.62499794 2 P 0
L -0.75000104 63.37499898 0.75000104 63.37499898 2 P 0
L -1.49999954 -1.49999954 -1.49999954 1.49999954 2 P 0
L -1.49999954 -1.49999954 1.49999954 -1.49999954 2 P 0
L -1.49999954 1.49999954 1.49999954 1.49999954 2 P 0
L -2.24999804 -0.62500002 -2.24999804 0.12500102 1 P 0
L -3.75000012 -0.62500002 -2.24999804 -0.62500002 1 P 0
L -3.75000012 -0.62500002 -3.75000012 0.12500102 1 P 0
L -3.75000012 0.12500102 -2.24999804 0.12500102 1 P 0
L -4.99999762 91.00000088 -4.99999762 97.00000158 2 P 0
L -6.2500002 8.67499916 -6.2500002 9.4250002 2 P 0
L -6.2500002 10.57500044 -6.2500002 11.32500148 2 P 0
L -7.2499982 106.50000036 -7.2499982 107.2500014 1 P 0
L -7.2499982 107.62499684 -7.2499982 108.37499788 2 P 0
L -7.2499982 108.7499984 -7.2499982 109.49999944 1 P 0
L -7.75000228 8.67499916 -6.2500002 8.67499916 2 P 0
L -7.75000228 8.67499916 -7.75000228 9.4250002 2 P 0
L -7.75000228 9.4250002 -6.2500002 9.4250002 2 P 0
L -7.75000228 10.57500044 -6.2500002 10.57500044 2 P 0
L -7.75000228 10.57500044 -7.75000228 11.32500148 2 P 0
L -7.75000228 11.32500148 -6.2500002 11.32500148 2 P 0
L -8.50000078 8.50000078 -8.50000078 11.49999986 2 P 0
L -8.75000028 106.50000036 -7.2499982 106.50000036 1 P 0
L -8.75000028 106.50000036 -8.75000028 107.2500014 1 P 0
L -8.75000028 107.2500014 -7.2499982 107.2500014 1 P 0
L -8.75000028 107.62499684 -7.2499982 107.62499684 2 P 0
L -8.75000028 107.62499684 -8.75000028 108.37499788 2 P 0
L -8.75000028 108.37499788 -7.2499982 108.37499788 2 P 0
L -8.75000028 108.7499984 -7.2499982 108.7499984 1 P 0
L -8.75000028 108.7499984 -8.75000028 109.49999944 1 P 0
L -8.75000028 109.49999944 -7.2499982 109.49999944 1 P 0
L -9.8749993 115.2499981 -9.8749993 116.75000018 1 P 0
L -10.10000012 106.25000086 -10.10000012 109.74999894 2 P 0
L -10.62500034 115.2499981 -9.8749993 115.2499981 1 P 0
L -10.62500034 115.2499981 -10.62500034 116.75000018 1 P 0
L -10.62500034 116.75000018 -9.8749993 116.75000018 1 P 0
L -10.87499984 115.2499981 -10.87499984 116.75000018 1 P 0
L -11.49999986 8.50000078 -8.50000078 8.50000078 2 P 0
L -11.49999986 8.50000078 -11.49999986 11.49999986 2 P 0
L -11.49999986 11.49999986 -8.50000078 11.49999986 2 P 0
L -11.62500088 115.2499981 -10.87499984 115.2499981 1 P 0
L -11.62500088 115.2499981 -11.62500088 116.75000018 1 P 0
L -11.62500088 116.75000018 -10.87499984 116.75000018 1 P 0
L -12.24999836 10.57500044 -12.24999836 11.32500148 1 P 0
L -12.37499938 115.2499981 -12.37499938 116.75000018 1 P 0
L -13.12500042 115.2499981 -12.37499938 115.2499981 1 P 0
L -13.12500042 115.2499981 -13.12500042 116.75000018 1 P 0
L -13.12500042 116.75000018 -12.37499938 116.75000018 1 P 0
L -13.37499992 115.2499981 -13.37499992 116.75000018 1 P 0
L -13.75000044 10.57500044 -12.24999836 10.57500044 1 P 0
L -13.75000044 10.57500044 -13.75000044 11.32500148 1 P 0
L -13.75000044 11.32500148 -12.24999836 11.32500148 1 P 0
L -13.8999976 106.25000086 -10.10000012 106.25000086 2 P 0
L -13.8999976 106.25000086 -13.8999976 109.74999894 2 P 0
L -13.8999976 109.74999894 -10.10000012 109.74999894 2 P 0
L -14.12500096 115.2499981 -13.37499992 115.2499981 1 P 0
L -14.12500096 115.2499981 -14.12500096 116.75000018 1 P 0
L -14.12500096 116.75000018 -13.37499992 116.75000018 1 P 0
L -19.0000001 91.00000088 -4.99999762 91.00000088 2 P 0
L -19.0000001 91.00000088 -19.0000001 97.00000158 2 P 0
L -19.0000001 97.00000158 -4.99999762 97.00000158 2 P 0
L -19.2499996 56.62500232 -19.2499996 57.37500336 2 P 0
L -19.2499996 58.62499832 -19.2499996 59.37499936 1 P 0
L -19.2499996 62.62500048 -19.2499996 63.37500152 2 P 0
L -20.75000168 56.62500232 -19.2499996 56.62500232 2 P 0
L -20.75000168 56.62500232 -20.75000168 57.37500336 2 P 0
L -20.75000168 57.37500336 -19.2499996 57.37500336 2 P 0
L -20.75000168 58.62499832 -19.2499996 58.62499832 1 P 0
L -20.75000168 58.62499832 -20.75000168 59.37499936 1 P 0
L -20.75000168 59.37499936 -19.2499996 59.37499936 1 P 0
L -20.75000168 62.62500048 -19.2499996 62.62500048 2 P 0
L -20.75000168 62.62500048 -20.75000168 63.37500152 2 P 0
L -20.75000168 63.37500152 -19.2499996 63.37500152 2 P 0
L 0.75000104 56.62500232 0.75000104 57.37500336 2 P 0
L 0.75000104 58.62499832 0.75000104 59.37499936 1 P 0
L 0.75000104 62.62499794 0.75000104 63.37499898 2 P 0
L 1.49999954 -1.49999954 1.49999954 1.49999954 2 P 0
L 2.24999804 -0.62500002 2.24999804 0.12500102 2 P 0
L 2.24999804 -0.62500002 3.75000012 -0.62500002 2 P 0
L 2.24999804 0.12500102 3.75000012 0.12500102 2 P 0
L 2.24999804 0.37500052 2.24999804 1.12500156 2 P 0
L 2.24999804 0.37500052 3.75000012 0.37500052 2 P 0
L 2.24999804 1.12500156 3.75000012 1.12500156 2 P 0
L 3.75000012 -0.62500002 3.75000012 0.12500102 2 P 0
L 3.75000012 0.37500052 3.75000012 1.12500156 2 P 0
L 6.2500002 10.25000236 6.2500002 11.0000034 2 P 0
L 6.2500002 10.25000236 7.75000228 10.25000236 2 P 0
L 6.2500002 11.0000034 7.75000228 11.0000034 2 P 0
L 6.2500002 11.5000024 6.2500002 12.25000344 2 P 0
L 6.2500002 11.5000024 7.75000228 11.5000024 2 P 0
L 6.2500002 12.25000344 7.75000228 12.25000344 2 P 0
L 7.75000228 10.25000236 7.75000228 11.0000034 2 P 0
L 7.75000228 11.5000024 7.75000228 12.25000344 2 P 0
L 8.42520032 7.43460032 8.42520032 12.56540032 2 P 0
L 8.42520032 7.43460032 11.57480032 7.43460032 2 P 0
L 8.42520032 12.56540032 11.57480032 12.56540032 2 P 0
L 11.57480032 7.43460032 11.57480032 12.56540032 2 P 0
L 12.24999836 7.74999974 12.24999836 8.50000078 1 P 0
L 12.24999836 7.74999974 13.75000044 7.74999974 1 P 0
L 12.24999836 8.50000078 13.75000044 8.50000078 1 P 0
L 12.24999836 10.24999982 12.24999836 11.00000086 1 P 0
L 12.24999836 10.24999982 13.75000044 10.24999982 1 P 0
L 12.24999836 11.00000086 13.75000044 11.00000086 1 P 0
L 13.75000044 7.74999974 13.75000044 8.50000078 1 P 0
L 13.75000044 10.24999982 13.75000044 11.00000086 1 P 0
L 19.2499996 56.62500232 19.2499996 57.37500336 2 P 0
L 19.2499996 56.62500232 20.75000168 56.62500232 2 P 0
L 19.2499996 57.37500336 20.75000168 57.37500336 2 P 0
L 19.2499996 58.62499832 19.2499996 59.37499936 1 P 0
L 19.2499996 58.62499832 20.75000168 58.62499832 1 P 0
L 19.2499996 59.37499936 20.75000168 59.37499936 1 P 0
L 19.2499996 62.62500048 19.2499996 63.37500152 2 P 0
L 19.2499996 62.62500048 20.75000168 62.62500048 2 P 0
L 19.2499996 63.37500152 20.75000168 63.37500152 2 P 0
L 20.75000168 56.62500232 20.75000168 57.37500336 2 P 0
L 20.75000168 58.62499832 20.75000168 59.37499936 1 P 0
L 20.75000168 62.62500048 20.75000168 63.37500152 2 P 0
L 33.00000004 44.0000009 33.00000004 71.49999924 2 P 0
L 33.00000004 44.0000009 54.99999922 44.0000009 2 P 0
L 33.00000004 71.49999924 54.99999922 71.49999924 2 P 0
L 40.73499854 73.24999828 40.73499854 74.75000036 1 P 0
L 40.73499854 73.24999828 41.48499958 73.24999828 1 P 0
L 40.73499854 74.75000036 41.48499958 74.75000036 1 P 0
L 41.48499958 73.24999828 41.48499958 74.75000036 1 P 0
L 42.00499854 73.24999828 42.00499854 74.75000036 1 P 0
L 42.00499854 73.24999828 42.75499958 73.24999828 1 P 0
L 42.00499854 74.75000036 42.75499958 74.75000036 1 P 0
L 42.75499958 73.24999828 42.75499958 74.75000036 1 P 0
L 43.27499854 73.24999828 43.27499854 74.75000036 1 P 0
L 43.27499854 73.24999828 44.02499958 73.24999828 1 P 0
L 43.27499854 74.75000036 44.02499958 74.75000036 1 P 0
L 44.02499958 73.24999828 44.02499958 74.75000036 1 P 0
L 45.81499854 73.24999828 45.81499854 74.75000036 1 P 0
L 45.81499854 73.24999828 46.56499958 73.24999828 1 P 0
L 45.81499854 74.75000036 46.56499958 74.75000036 1 P 0
L 46.56499958 73.24999828 46.56499958 74.75000036 1 P 0
L 47.08499854 73.24999828 47.08499854 74.75000036 1 P 0
L 47.08499854 73.24999828 47.83499958 73.24999828 1 P 0
L 47.08499854 74.75000036 47.83499958 74.75000036 1 P 0
L 47.83499958 73.24999828 47.83499958 74.75000036 1 P 0
L 54.99999922 44.0000009 54.99999922 71.49999924 2 P 0
