#Layer_Color=8388736
#
#Feature symbol names
#
$0 r1.9685

#
#Feature attribute names
#

#
#Layer features
#
L 0.6744724 3.296252 0.6744724 3.327748 0 P 0
L 0.6744724 3.296252 0.7335276 3.296252 0 P 0
L 0.6744724 3.327748 0.7335276 3.327748 0 P 0
L 0.7335276 3.296252 0.7335276 3.327748 0 P 0
L 0.9153543 3.1450394 0.9153543 3.1765354 0 P 0
L 0.9153543 3.1450394 0.9744095 3.1450394 0 P 0
L 0.9153543 3.1765354 0.9744095 3.1765354 0 P 0
L 0.9153543 3.1844095 0.9153543 3.2159055 0 P 0
L 0.9153543 3.1844095 0.9744095 3.1844095 0 P 0
L 0.9153543 3.2159055 0.9744095 3.2159055 0 P 0
L 0.9153543 3.2237796 0.9153543 3.2552756 0 P 0
L 0.9153543 3.2237796 0.9744095 3.2237796 0 P 0
L 0.9153543 3.2552756 0.9744095 3.2552756 0 P 0
L 0.9744095 3.1450394 0.9744095 3.1765354 0 P 0
L 0.9744095 3.1844095 0.9744095 3.2159055 0 P 0
L 0.9744095 3.2237796 0.9744095 3.2552756 0 P 0
L 1.5329134 0.8629684 1.5329134 1.1639684 0 P 0
L 1.5329134 0.8629684 1.7359134 0.8629684 0 P 0
L 1.5329134 1.1639684 1.7359134 1.1639684 0 P 0
L 1.7359134 0.8629684 1.7359134 1.1639684 0 P 0
L 1.7755906 0.9844408 1.7755906 1.043496 0 P 0
L 1.7755906 0.9844408 1.8070866 0.9844408 0 P 0
L 1.7755906 1.043496 1.8070866 1.043496 0 P 0
L 1.7755906 5.7429134 1.7755906 5.8019686 0 P 0
L 1.7755906 5.7429134 1.8070866 5.7429134 0 P 0
L 1.7755906 5.8019686 1.8070866 5.8019686 0 P 0
L 1.7755906 5.8177166 1.7755906 5.8767718 0 P 0
L 1.7755906 5.8177166 1.8070866 5.8177166 0 P 0
L 1.7755906 5.8767718 1.8070866 5.8767718 0 P 0
L 1.8070866 0.9844408 1.8070866 1.043496 0 P 0
L 1.8070866 5.7429134 1.8070866 5.8019686 0 P 0
L 1.8070866 5.8177166 1.8070866 5.8767718 0 P 0
L 1.8149607 0.9844408 1.8149607 1.043496 0 P 0
L 1.8149607 0.9844408 1.8464567 0.9844408 0 P 0
L 1.8149607 1.043496 1.8464567 1.043496 0 P 0
L 1.8149607 5.7429134 1.8149607 5.8019686 0 P 0
L 1.8149607 5.7429134 1.8464567 5.7429134 0 P 0
L 1.8149607 5.8019686 1.8464567 5.8019686 0 P 0
L 1.8149607 5.8177166 1.8149607 5.8767718 0 P 0
L 1.8149607 5.8177166 1.8464567 5.8177166 0 P 0
L 1.8149607 5.8767718 1.8464567 5.8767718 0 P 0
L 1.8208661 2.3877953 1.8208661 2.4192913 0 P 0
L 1.8208661 2.3877953 1.8799213 2.3877953 0 P 0
L 1.8208661 2.4192913 1.8799213 2.4192913 0 P 0
L 1.8208661 2.4251969 1.8208661 2.4566929 0 P 0
L 1.8208661 2.4251969 1.8799213 2.4251969 0 P 0
L 1.8208661 2.4566929 1.8799213 2.4566929 0 P 0
L 1.8208661 2.4625985 1.8208661 2.4940945 0 P 0
L 1.8208661 2.4625985 1.8799213 2.4625985 0 P 0
L 1.8208661 2.4940945 1.8799213 2.4940945 0 P 0
L 1.8208661 2.5452756 1.8208661 2.5767716 0 P 0
L 1.8208661 2.5452756 1.8799213 2.5452756 0 P 0
L 1.8208661 2.5767716 1.8799213 2.5767716 0 P 0
L 1.8208661 2.6200788 1.8208661 2.6515748 0 P 0
L 1.8208661 2.6200788 1.8799213 2.6200788 0 P 0
L 1.8208661 2.6515748 1.8799213 2.6515748 0 P 0
L 1.8208661 3.7637796 1.8208661 3.7952756 0 P 0
L 1.8208661 3.7637796 1.8799213 3.7637796 0 P 0
L 1.8208661 3.7952756 1.8799213 3.7952756 0 P 0
L 1.8208661 3.8031496 1.8208661 3.8346456 0 P 0
L 1.8208661 3.8031496 1.8799213 3.8031496 0 P 0
L 1.8208661 3.8346456 1.8799213 3.8346456 0 P 0
L 1.8208661 3.8425197 1.8208661 3.8740157 0 P 0
L 1.8208661 3.8425197 1.8799213 3.8425197 0 P 0
L 1.8208661 3.8740157 1.8799213 3.8740157 0 P 0
L 1.8208661 3.8818898 1.8208661 3.9133858 0 P 0
L 1.8208661 3.8818898 1.8799213 3.8818898 0 P 0
L 1.8208661 3.9133858 1.8799213 3.9133858 0 P 0
L 1.8208661 4 1.8208661 4.031496 0 P 0
L 1.8208661 4 1.8799213 4 0 P 0
L 1.8208661 4.031496 1.8799213 4.031496 0 P 0
L 1.8208661 4.0393701 1.8208661 4.0708661 0 P 0
L 1.8208661 4.0393701 1.8799213 4.0393701 0 P 0
L 1.8208661 4.0708661 1.8799213 4.0708661 0 P 0
L 1.8208661 4.0787402 1.8208661 4.1102362 0 P 0
L 1.8208661 4.0787402 1.8799213 4.0787402 0 P 0
L 1.8208661 4.1102362 1.8799213 4.1102362 0 P 0
L 1.8208661 4.1279529 1.8208661 4.1594489 0 P 0
L 1.8208661 4.1279529 1.8799213 4.1279529 0 P 0
L 1.8208661 4.1594489 1.8799213 4.1594489 0 P 0
L 1.8239133 3.0474567 1.8239133 3.6454567 0 P 0
L 1.8239133 3.0474567 2.3959133 3.0474567 0 P 0
L 1.8239133 3.6454567 2.3959133 3.6454567 0 P 0
L 1.8464567 0.9844408 1.8464567 1.043496 0 P 0
L 1.8464567 5.7429134 1.8464567 5.8019686 0 P 0
L 1.8464567 5.8177166 1.8464567 5.8767718 0 P 0
L 1.8602362 4.9055118 1.8602362 4.9370078 0 P 0
L 1.8602362 4.9055118 1.9192914 4.9055118 0 P 0
L 1.8602362 4.9370078 1.9192914 4.9370078 0 P 0
L 1.8602362 4.9448819 1.8602362 4.9763779 0 P 0
L 1.8602362 4.9448819 1.9192914 4.9448819 0 P 0
L 1.8602362 4.9763779 1.9192914 4.9763779 0 P 0
L 1.8602362 4.984252 1.8602362 5.015748 0 P 0
L 1.8602362 4.984252 1.9192914 4.984252 0 P 0
L 1.8602362 5.015748 1.9192914 5.015748 0 P 0
L 1.8602362 5.0236221 1.8602362 5.0551181 0 P 0
L 1.8602362 5.0236221 1.9192914 5.0236221 0 P 0
L 1.8602362 5.0551181 1.9192914 5.0551181 0 P 0
L 1.8602362 5.1811024 1.8602362 5.2125984 0 P 0
L 1.8602362 5.1811024 1.9192914 5.1811024 0 P 0
L 1.8602362 5.2125984 1.9192914 5.2125984 0 P 0
L 1.8602362 5.2204725 1.8602362 5.2519685 0 P 0
L 1.8602362 5.2204725 1.9192914 5.2204725 0 P 0
L 1.8602362 5.2519685 1.9192914 5.2519685 0 P 0
L 1.8602362 5.2598426 1.8602362 5.2913386 0 P 0
L 1.8602362 5.2598426 1.9192914 5.2598426 0 P 0
L 1.8602362 5.2913386 1.9192914 5.2913386 0 P 0
L 1.8602362 5.2992126 1.8602362 5.3307086 0 P 0
L 1.8602362 5.2992126 1.9192914 5.2992126 0 P 0
L 1.8602362 5.3307086 1.9192914 5.3307086 0 P 0
L 1.8602362 5.4566929 1.8602362 5.4881889 0 P 0
L 1.8602362 5.4566929 1.9192914 5.4566929 0 P 0
L 1.8602362 5.4881889 1.9192914 5.4881889 0 P 0
L 1.8602362 5.496063 1.8602362 5.527559 0 P 0
L 1.8602362 5.496063 1.9192914 5.496063 0 P 0
L 1.8602362 5.527559 1.9192914 5.527559 0 P 0
L 1.8602362 5.5354331 1.8602362 5.5669291 0 P 0
L 1.8602362 5.5354331 1.9192914 5.5354331 0 P 0
L 1.8602362 5.5669291 1.9192914 5.5669291 0 P 0
L 1.8602362 5.5748032 1.8602362 5.6062992 0 P 0
L 1.8602362 5.5748032 1.9192914 5.5748032 0 P 0
L 1.8602362 5.6062992 1.9192914 5.6062992 0 P 0
L 1.8799213 2.3877953 1.8799213 2.4192913 0 P 0
L 1.8799213 2.4251969 1.8799213 2.4566929 0 P 0
L 1.8799213 2.4625985 1.8799213 2.4940945 0 P 0
L 1.8799213 2.5452756 1.8799213 2.5767716 0 P 0
L 1.8799213 2.6200788 1.8799213 2.6515748 0 P 0
L 1.8799213 3.7637796 1.8799213 3.7952756 0 P 0
L 1.8799213 3.8031496 1.8799213 3.8346456 0 P 0
L 1.8799213 3.8425197 1.8799213 3.8740157 0 P 0
L 1.8799213 3.8818898 1.8799213 3.9133858 0 P 0
L 1.8799213 4 1.8799213 4.031496 0 P 0
L 1.8799213 4.0393701 1.8799213 4.0708661 0 P 0
L 1.8799213 4.0787402 1.8799213 4.1102362 0 P 0
L 1.8799213 4.1279529 1.8799213 4.1594489 0 P 0
L 1.8996063 2.0314961 1.8996063 2.0629921 0 P 0
L 1.8996063 2.0314961 1.9586615 2.0314961 0 P 0
L 1.8996063 2.0629921 1.9586615 2.0629921 0 P 0
L 1.8996063 2.0708662 1.8996063 2.1023622 0 P 0
L 1.8996063 2.0708662 1.9586615 2.0708662 0 P 0
L 1.8996063 2.1023622 1.9586615 2.1023622 0 P 0
L 1.8996063 2.1102363 1.8996063 2.1417323 0 P 0
L 1.8996063 2.1102363 1.9586615 2.1102363 0 P 0
L 1.8996063 2.1417323 1.9586615 2.1417323 0 P 0
L 1.8996063 2.1496063 1.8996063 2.1811023 0 P 0
L 1.8996063 2.1496063 1.9586615 2.1496063 0 P 0
L 1.8996063 2.1811023 1.9586615 2.1811023 0 P 0
L 1.9192914 4.9055118 1.9192914 4.9370078 0 P 0
L 1.9192914 4.9448819 1.9192914 4.9763779 0 P 0
L 1.9192914 4.984252 1.9192914 5.015748 0 P 0
L 1.9192914 5.0236221 1.9192914 5.0551181 0 P 0
L 1.9192914 5.1811024 1.9192914 5.2125984 0 P 0
L 1.9192914 5.2204725 1.9192914 5.2519685 0 P 0
L 1.9192914 5.2598426 1.9192914 5.2913386 0 P 0
L 1.9192914 5.2992126 1.9192914 5.3307086 0 P 0
L 1.9192914 5.4566929 1.9192914 5.4881889 0 P 0
L 1.9192914 5.496063 1.9192914 5.527559 0 P 0
L 1.9192914 5.5354331 1.9192914 5.5669291 0 P 0
L 1.9192914 5.5748032 1.9192914 5.6062992 0 P 0
L 1.9215039 3.7616772 1.9215039 3.9036772 0 P 0
L 1.9215039 3.7616772 2.0155039 3.7616772 0 P 0
L 1.9215039 3.9036772 2.0155039 3.9036772 0 P 0
L 1.9389763 4.9055118 1.9389763 4.9370078 0 P 0
L 1.9389763 4.9055118 1.9980315 4.9055118 0 P 0
L 1.9389763 4.9370078 1.9980315 4.9370078 0 P 0
L 1.9389763 5.0236221 1.9389763 5.0551181 0 P 0
L 1.9389763 5.0236221 1.9980315 5.0236221 0 P 0
L 1.9389763 5.0551181 1.9980315 5.0551181 0 P 0
L 1.9389763 5.1811024 1.9389763 5.2125984 0 P 0
L 1.9389763 5.1811024 1.9980315 5.1811024 0 P 0
L 1.9389763 5.2125984 1.9980315 5.2125984 0 P 0
L 1.9389763 5.2992126 1.9389763 5.3307086 0 P 0
L 1.9389763 5.2992126 1.9980315 5.2992126 0 P 0
L 1.9389763 5.3307086 1.9980315 5.3307086 0 P 0
L 1.9389763 5.4566929 1.9389763 5.4881889 0 P 0
L 1.9389763 5.4566929 1.9980315 5.4566929 0 P 0
L 1.9389763 5.4881889 1.9980315 5.4881889 0 P 0
L 1.9389763 5.5748032 1.9389763 5.6062992 0 P 0
L 1.9389763 5.5748032 1.9980315 5.5748032 0 P 0
L 1.9389763 5.6062992 1.9980315 5.6062992 0 P 0
L 1.9586615 2.0314961 1.9586615 2.0629921 0 P 0
L 1.9586615 2.0708662 1.9586615 2.1023622 0 P 0
L 1.9586615 2.1102363 1.9586615 2.1417323 0 P 0
L 1.9586615 2.1496063 1.9586615 2.1811023 0 P 0
L 1.9783464 2.0314961 1.9783464 2.0629921 0 P 0
L 1.9783464 2.0314961 2.0374016 2.0314961 0 P 0
L 1.9783464 2.0629921 2.0374016 2.0629921 0 P 0
L 1.9783464 2.1496063 1.9783464 2.1811023 0 P 0
L 1.9783464 2.1496063 2.0374016 2.1496063 0 P 0
L 1.9783464 2.1811023 2.0374016 2.1811023 0 P 0
L 1.9980315 4.9055118 1.9980315 4.9370078 0 P 0
L 1.9980315 5.0236221 1.9980315 5.0551181 0 P 0
L 1.9980315 5.1811024 1.9980315 5.2125984 0 P 0
L 1.9980315 5.2992126 1.9980315 5.3307086 0 P 0
L 1.9980315 5.4566929 1.9980315 5.4881889 0 P 0
L 1.9980315 5.5748032 1.9980315 5.6062992 0 P 0
L 2.0118111 5.8177166 2.0118111 5.8767718 0 P 0
L 2.0118111 5.8177166 2.0433071 5.8177166 0 P 0
L 2.0118111 5.8767718 2.0433071 5.8767718 0 P 0
L 2.0155039 3.7616772 2.0155039 3.9036772 0 P 0
L 2.0374016 2.0314961 2.0374016 2.0629921 0 P 0
L 2.0374016 2.1496063 2.0374016 2.1811023 0 P 0
L 2.0433071 5.8177166 2.0433071 5.8767718 0 P 0
L 2.0511811 5.8177166 2.0511811 5.8767718 0 P 0
L 2.0511811 5.8177166 2.0826771 5.8177166 0 P 0
L 2.0511811 5.8767718 2.0826771 5.8767718 0 P 0
L 2.0570866 2.4251969 2.0570866 2.4566929 0 P 0
L 2.0570866 2.4251969 2.1161418 2.4251969 0 P 0
L 2.0570866 2.4566929 2.1161418 2.4566929 0 P 0
L 2.0570866 2.5452756 2.0570866 2.5767716 0 P 0
L 2.0570866 2.5452756 2.1161418 2.5452756 0 P 0
L 2.0570866 2.5767716 2.1161418 2.5767716 0 P 0
L 2.0570866 2.5826772 2.0570866 2.6141732 0 P 0
L 2.0570866 2.5826772 2.1161418 2.5826772 0 P 0
L 2.0570866 2.6141732 2.1161418 2.6141732 0 P 0
L 2.0570866 3.8031496 2.0570866 3.8346456 0 P 0
L 2.0570866 3.8031496 2.1161418 3.8031496 0 P 0
L 2.0570866 3.8346456 2.1161418 3.8346456 0 P 0
L 2.0570866 3.8425197 2.0570866 3.8740157 0 P 0
L 2.0570866 3.8425197 2.1161418 3.8425197 0 P 0
L 2.0570866 3.8740157 2.1161418 3.8740157 0 P 0
L 2.0570866 4.0295276 2.0570866 4.0610236 0 P 0
L 2.0570866 4.0295276 2.1161418 4.0295276 0 P 0
L 2.0570866 4.0610236 2.1161418 4.0610236 0 P 0
L 2.0570866 4.0787403 2.0570866 4.1102363 0 P 0
L 2.0570866 4.0787403 2.1161418 4.0787403 0 P 0
L 2.0570866 4.1102363 2.1161418 4.1102363 0 P 0
L 2.0570866 4.1279529 2.0570866 4.1594489 0 P 0
L 2.0570866 4.1279529 2.1161418 4.1279529 0 P 0
L 2.0570866 4.1594489 2.1161418 4.1594489 0 P 0
L 2.0826771 5.8177166 2.0826771 5.8767718 0 P 0
L 2.0905512 5.8177166 2.0905512 5.8767718 0 P 0
L 2.0905512 5.8177166 2.1220472 5.8177166 0 P 0
L 2.0905512 5.8767718 2.1220472 5.8767718 0 P 0
L 2.1161418 2.4251969 2.1161418 2.4566929 0 P 0
L 2.1161418 2.5452756 2.1161418 2.5767716 0 P 0
L 2.1161418 2.5826772 2.1161418 2.6141732 0 P 0
L 2.1161418 3.8031496 2.1161418 3.8346456 0 P 0
L 2.1161418 3.8425197 2.1161418 3.8740157 0 P 0
L 2.1161418 4.0295276 2.1161418 4.0610236 0 P 0
L 2.1161418 4.0787403 2.1161418 4.1102363 0 P 0
L 2.1161418 4.1279529 2.1161418 4.1594489 0 P 0
L 2.1220472 5.8177166 2.1220472 5.8767718 0 P 0
L 2.2086614 5.6720472 2.2086614 5.7311024 0 P 0
L 2.2086614 5.6720472 2.2401574 5.6720472 0 P 0
L 2.2086614 5.7311024 2.2401574 5.7311024 0 P 0
L 2.2401574 5.6720472 2.2401574 5.7311024 0 P 0
L 2.2480315 5.6720472 2.2480315 5.7311024 0 P 0
L 2.2480315 5.6720472 2.2795275 5.6720472 0 P 0
L 2.2480315 5.7311024 2.2795275 5.7311024 0 P 0
L 2.2480315 5.7649606 2.2480315 5.8240158 0 P 0
L 2.2480315 5.7649606 2.2795275 5.7649606 0 P 0
L 2.2480315 5.8240158 2.2795275 5.8240158 0 P 0
L 2.2677166 5.4822834 2.2677166 5.5413386 0 P 0
L 2.2677166 5.4822834 2.2992126 5.4822834 0 P 0
L 2.2677166 5.5413386 2.2992126 5.5413386 0 P 0
L 2.2795275 5.6720472 2.2795275 5.7311024 0 P 0
L 2.2795275 5.7649606 2.2795275 5.8240158 0 P 0
L 2.285433 2.6535433 2.285433 2.6850393 0 P 0
L 2.285433 2.6535433 2.3444882 2.6535433 0 P 0
L 2.285433 2.6850393 2.3444882 2.6850393 0 P 0
L 2.285433 4.0314961 2.285433 4.0629921 0 P 0
L 2.285433 4.0314961 2.3444882 4.0314961 0 P 0
L 2.285433 4.0629921 2.3444882 4.0629921 0 P 0
L 2.2872047 2.397685 2.2872047 2.642685 0 P 0
L 2.2872047 2.397685 2.4372047 2.397685 0 P 0
L 2.2872047 2.642685 2.4372047 2.642685 0 P 0
L 2.2872047 3.7756378 2.2872047 4.0206378 0 P 0
L 2.2872047 3.7756378 2.4372047 3.7756378 0 P 0
L 2.2872047 4.0206378 2.4372047 4.0206378 0 P 0
L 2.293307 2.0314961 2.293307 2.0629921 0 P 0
L 2.293307 2.0314961 2.3523622 2.0314961 0 P 0
L 2.293307 2.0629921 2.3523622 2.0629921 0 P 0
L 2.293307 2.0708662 2.293307 2.1023622 0 P 0
L 2.293307 2.0708662 2.3523622 2.0708662 0 P 0
L 2.293307 2.1023622 2.3523622 2.1023622 0 P 0
L 2.293307 2.1102363 2.293307 2.1417323 0 P 0
L 2.293307 2.1102363 2.3523622 2.1102363 0 P 0
L 2.293307 2.1417323 2.3523622 2.1417323 0 P 0
L 2.293307 2.1496063 2.293307 2.1811023 0 P 0
L 2.293307 2.1496063 2.3523622 2.1496063 0 P 0
L 2.293307 2.1811023 2.3523622 2.1811023 0 P 0
L 2.2992126 5.4822834 2.2992126 5.5413386 0 P 0
L 2.3070866 5.4822834 2.3070866 5.5413386 0 P 0
L 2.3070866 5.4822834 2.3385826 5.4822834 0 P 0
L 2.3070866 5.5413386 2.3385826 5.5413386 0 P 0
L 2.3070866 5.9547244 2.3070866 6.0137796 0 P 0
L 2.3070866 5.9547244 2.3385826 5.9547244 0 P 0
L 2.3070866 6.0137796 2.3385826 6.0137796 0 P 0
L 2.3385826 5.4822834 2.3385826 5.5413386 0 P 0
L 2.3385826 5.9547244 2.3385826 6.0137796 0 P 0
L 2.3444882 2.6535433 2.3444882 2.6850393 0 P 0
L 2.3444882 4.0314961 2.3444882 4.0629921 0 P 0
L 2.3464567 5.4822834 2.3464567 5.5413386 0 P 0
L 2.3464567 5.4822834 2.3779527 5.4822834 0 P 0
L 2.3464567 5.5413386 2.3779527 5.5413386 0 P 0
L 2.3464567 5.9547244 2.3464567 6.0137796 0 P 0
L 2.3464567 5.9547244 2.3779527 5.9547244 0 P 0
L 2.3464567 6.0137796 2.3779527 6.0137796 0 P 0
L 2.3523622 2.0314961 2.3523622 2.0629921 0 P 0
L 2.3523622 2.0708662 2.3523622 2.1023622 0 P 0
L 2.3523622 2.1102363 2.3523622 2.1417323 0 P 0
L 2.3523622 2.1496063 2.3523622 2.1811023 0 P 0
L 2.3720472 2.0314961 2.3720472 2.0629921 0 P 0
L 2.3720472 2.0314961 2.4311024 2.0314961 0 P 0
L 2.3720472 2.0629921 2.4311024 2.0629921 0 P 0
L 2.3720472 2.1496063 2.3720472 2.1811023 0 P 0
L 2.3720472 2.1496063 2.4311024 2.1496063 0 P 0
L 2.3720472 2.1811023 2.4311024 2.1811023 0 P 0
L 2.3779527 5.4822834 2.3779527 5.5413386 0 P 0
L 2.3779527 5.9547244 2.3779527 6.0137796 0 P 0
L 2.3799212 2.3543307 2.3799212 2.3858267 0 P 0
L 2.3799212 2.3543307 2.4389764 2.3543307 0 P 0
L 2.3799212 2.3858267 2.4389764 2.3858267 0 P 0
L 2.3799212 3.7322835 2.3799212 3.7637795 0 P 0
L 2.3799212 3.7322835 2.4389764 3.7322835 0 P 0
L 2.3799212 3.7637795 2.4389764 3.7637795 0 P 0
L 2.3858268 5.4822834 2.3858268 5.5413386 0 P 0
L 2.3858268 5.4822834 2.4173228 5.4822834 0 P 0
L 2.3858268 5.5413386 2.4173228 5.5413386 0 P 0
L 2.3858268 5.9547244 2.3858268 6.0137796 0 P 0
L 2.3858268 5.9547244 2.4173228 5.9547244 0 P 0
L 2.3858268 6.0137796 2.4173228 6.0137796 0 P 0
L 2.3959133 3.0474567 2.3959133 3.6454567 0 P 0
L 2.4173228 5.4822834 2.4173228 5.5413386 0 P 0
L 2.4173228 5.9547244 2.4173228 6.0137796 0 P 0
L 2.4251969 5.4822834 2.4251969 5.5413386 0 P 0
L 2.4251969 5.4822834 2.4566929 5.4822834 0 P 0
L 2.4251969 5.5413386 2.4566929 5.5413386 0 P 0
L 2.4251969 5.9547244 2.4251969 6.0137796 0 P 0
L 2.4251969 5.9547244 2.4566929 5.9547244 0 P 0
L 2.4251969 6.0137796 2.4566929 6.0137796 0 P 0
L 2.4311024 2.0314961 2.4311024 2.0629921 0 P 0
L 2.4311024 2.1496063 2.4311024 2.1811023 0 P 0
L 2.4372047 2.397685 2.4372047 2.642685 0 P 0
L 2.4372047 3.7756378 2.4372047 4.0206378 0 P 0
L 2.4389764 2.3543307 2.4389764 2.3858267 0 P 0
L 2.4389764 3.7322835 2.4389764 3.7637795 0 P 0
L 2.4507874 1.3228347 2.4507874 1.3543307 0 P 0
L 2.4507874 1.3228347 2.5098426 1.3228347 0 P 0
L 2.4507874 1.3543307 2.5098426 1.3543307 0 P 0
L 2.4507874 1.3622048 2.4507874 1.3937008 0 P 0
L 2.4507874 1.3622048 2.5098426 1.3622048 0 P 0
L 2.4507874 1.3937008 2.5098426 1.3937008 0 P 0
L 2.4507874 3.1970473 2.4507874 3.2285433 0 P 0
L 2.4507874 3.1970473 2.5098426 3.1970473 0 P 0
L 2.4507874 3.2285433 2.5098426 3.2285433 0 P 0
L 2.4507874 3.2403545 2.4507874 3.2718505 0 P 0
L 2.4507874 3.2403545 2.5098426 3.2403545 0 P 0
L 2.4507874 3.2718505 2.5098426 3.2718505 0 P 0
L 2.4507874 3.2836615 2.4507874 3.3151575 0 P 0
L 2.4507874 3.2836615 2.5098426 3.2836615 0 P 0
L 2.4507874 3.3151575 2.5098426 3.3151575 0 P 0
L 2.4507874 3.3269686 2.4507874 3.3584646 0 P 0
L 2.4507874 3.3269686 2.5098426 3.3269686 0 P 0
L 2.4507874 3.3584646 2.5098426 3.3584646 0 P 0
L 2.4507874 3.3702756 2.4507874 3.4017716 0 P 0
L 2.4507874 3.3702756 2.5098426 3.3702756 0 P 0
L 2.4507874 3.4017716 2.5098426 3.4017716 0 P 0
L 2.4507874 3.4135828 2.4507874 3.4450788 0 P 0
L 2.4507874 3.4135828 2.5098426 3.4135828 0 P 0
L 2.4507874 3.4450788 2.5098426 3.4450788 0 P 0
L 2.4507874 3.4568898 2.4507874 3.4883858 0 P 0
L 2.4507874 3.4568898 2.5098426 3.4568898 0 P 0
L 2.4507874 3.4883858 2.5098426 3.4883858 0 P 0
L 2.4566929 5.4822834 2.4566929 5.5413386 0 P 0
L 2.4566929 5.9547244 2.4566929 6.0137796 0 P 0
L 2.464567 5.4822834 2.464567 5.5413386 0 P 0
L 2.464567 5.4822834 2.496063 5.4822834 0 P 0
L 2.464567 5.5413386 2.496063 5.5413386 0 P 0
L 2.464567 5.9547244 2.464567 6.0137796 0 P 0
L 2.464567 5.9547244 2.496063 5.9547244 0 P 0
L 2.464567 6.0137796 2.496063 6.0137796 0 P 0
L 2.496063 5.4822834 2.496063 5.5413386 0 P 0
L 2.496063 5.9547244 2.496063 6.0137796 0 P 0
L 2.503937 5.4822834 2.503937 5.5413386 0 P 0
L 2.503937 5.4822834 2.535433 5.4822834 0 P 0
L 2.503937 5.5413386 2.535433 5.5413386 0 P 0
L 2.5098426 1.3228347 2.5098426 1.3543307 0 P 0
L 2.5098426 1.3622048 2.5098426 1.3937008 0 P 0
L 2.5098426 3.1970473 2.5098426 3.2285433 0 P 0
L 2.5098426 3.2403545 2.5098426 3.2718505 0 P 0
L 2.5098426 3.2836615 2.5098426 3.3151575 0 P 0
L 2.5098426 3.3269686 2.5098426 3.3584646 0 P 0
L 2.5098426 3.3702756 2.5098426 3.4017716 0 P 0
L 2.5098426 3.4135828 2.5098426 3.4450788 0 P 0
L 2.5098426 3.4568898 2.5098426 3.4883858 0 P 0
L 2.535433 5.4822834 2.535433 5.5413386 0 P 0
L 2.5433071 0.5874016 2.5433071 0.6464568 0 P 0
L 2.5433071 0.5874016 2.5748031 0.5874016 0 P 0
L 2.5433071 0.6464568 2.5748031 0.6464568 0 P 0
L 2.5433071 1.1122047 2.5433071 1.1712599 0 P 0
L 2.5433071 1.1122047 2.5748031 1.1122047 0 P 0
L 2.5433071 1.1712599 2.5748031 1.1712599 0 P 0
L 2.5748031 0.5874016 2.5748031 0.6464568 0 P 0
L 2.5748031 1.1122047 2.5748031 1.1712599 0 P 0
L 2.5826772 0.7185039 2.5826772 0.7775591 0 P 0
L 2.5826772 0.7185039 2.6141732 0.7185039 0 P 0
L 2.5826772 0.7775591 2.6141732 0.7775591 0 P 0
L 2.5826772 1.1122047 2.5826772 1.1712599 0 P 0
L 2.5826772 1.1122047 2.6141732 1.1122047 0 P 0
L 2.5826772 1.1712599 2.6141732 1.1712599 0 P 0
L 2.5826772 1.5059055 2.5826772 1.5649607 0 P 0
L 2.5826772 1.5059055 2.6141732 1.5059055 0 P 0
L 2.5826772 1.5649607 2.6141732 1.5649607 0 P 0
L 2.6023622 5.6267711 2.6023622 5.6858263 0 P 0
L 2.6023622 5.6267711 2.6338582 5.6267711 0 P 0
L 2.6023622 5.6858263 2.6338582 5.6858263 0 P 0
L 2.6082677 2.496063 2.6082677 2.527559 0 P 0
L 2.6082677 2.496063 2.6673229 2.496063 0 P 0
L 2.6082677 2.527559 2.6673229 2.527559 0 P 0
L 2.6082677 2.5590551 2.6082677 2.5905511 0 P 0
L 2.6082677 2.5590551 2.6673229 2.5590551 0 P 0
L 2.6082677 2.5905511 2.6673229 2.5905511 0 P 0
L 2.6082677 3.8740158 2.6082677 3.9055118 0 P 0
L 2.6082677 3.8740158 2.6673229 3.8740158 0 P 0
L 2.6082677 3.9055118 2.6673229 3.9055118 0 P 0
L 2.6082677 3.9370079 2.6082677 3.9685039 0 P 0
L 2.6082677 3.9370079 2.6673229 3.9370079 0 P 0
L 2.6082677 3.9685039 2.6673229 3.9685039 0 P 0
L 2.6141732 0.7185039 2.6141732 0.7775591 0 P 0
L 2.6141732 1.1122047 2.6141732 1.1712599 0 P 0
L 2.6141732 1.5059055 2.6141732 1.5649607 0 P 0
L 2.6220473 0.4035433 2.6220473 0.4625985 0 P 0
L 2.6220473 0.4035433 2.6535433 0.4035433 0 P 0
L 2.6220473 0.4625985 2.6535433 0.4625985 0 P 0
L 2.6220473 0.7185039 2.6220473 0.7775591 0 P 0
L 2.6220473 0.7185039 2.6535433 0.7185039 0 P 0
L 2.6220473 0.7775591 2.6535433 0.7775591 0 P 0
L 2.6220473 1.5059055 2.6220473 1.5649607 0 P 0
L 2.6220473 1.5059055 2.6535433 1.5059055 0 P 0
L 2.6220473 1.5649607 2.6535433 1.5649607 0 P 0
L 2.6220474 1.1122047 2.6220474 1.1712599 0 P 0
L 2.6220474 1.1122047 2.6535434 1.1122047 0 P 0
L 2.6220474 1.1712599 2.6535434 1.1712599 0 P 0
L 2.6338582 5.6267711 2.6338582 5.6858263 0 P 0
L 2.6535433 0.4035433 2.6535433 0.4625985 0 P 0
L 2.6535433 0.7185039 2.6535433 0.7775591 0 P 0
L 2.6535433 1.5059055 2.6535433 1.5649607 0 P 0
L 2.6535434 1.1122047 2.6535434 1.1712599 0 P 0
L 2.6594489 0.4035433 2.6594489 0.4625985 0 P 0
L 2.6594489 0.4035433 2.6909449 0.4035433 0 P 0
L 2.6594489 0.4625985 2.6909449 0.4625985 0 P 0
L 2.6614174 0.7185039 2.6614174 0.7775591 0 P 0
L 2.6614174 0.7185039 2.6929134 0.7185039 0 P 0
L 2.6614174 0.7775591 2.6929134 0.7775591 0 P 0
L 2.6614174 1.1122047 2.6614174 1.1712599 0 P 0
L 2.6614174 1.1122047 2.6929134 1.1122047 0 P 0
L 2.6614174 1.1712599 2.6929134 1.1712599 0 P 0
L 2.6614174 1.5059055 2.6614174 1.5649607 0 P 0
L 2.6614174 1.5059055 2.6929134 1.5059055 0 P 0
L 2.6614174 1.5649607 2.6929134 1.5649607 0 P 0
L 2.6673229 2.496063 2.6673229 2.527559 0 P 0
L 2.6673229 2.5590551 2.6673229 2.5905511 0 P 0
L 2.6673229 3.8740158 2.6673229 3.9055118 0 P 0
L 2.6673229 3.9370079 2.6673229 3.9685039 0 P 0
L 2.6870078 2.0314961 2.6870078 2.0629921 0 P 0
L 2.6870078 2.0314961 2.746063 2.0314961 0 P 0
L 2.6870078 2.0629921 2.746063 2.0629921 0 P 0
L 2.6870078 2.0708662 2.6870078 2.1023622 0 P 0
L 2.6870078 2.0708662 2.746063 2.0708662 0 P 0
L 2.6870078 2.1023622 2.746063 2.1023622 0 P 0
L 2.6870078 2.1102363 2.6870078 2.1417323 0 P 0
L 2.6870078 2.1102363 2.746063 2.1102363 0 P 0
L 2.6870078 2.1417323 2.746063 2.1417323 0 P 0
L 2.6870078 2.1496063 2.6870078 2.1811023 0 P 0
L 2.6870078 2.1496063 2.746063 2.1496063 0 P 0
L 2.6870078 2.1811023 2.746063 2.1811023 0 P 0
L 2.6909449 0.4035433 2.6909449 0.4625985 0 P 0
L 2.6929134 0.7185039 2.6929134 0.7775591 0 P 0
L 2.6929134 1.1122047 2.6929134 1.1712599 0 P 0
L 2.6929134 1.5059055 2.6929134 1.5649607 0 P 0
L 2.6949055 6.0049921 2.6949055 6.1219921 0 P 0
L 2.6949055 6.0049921 2.8169055 6.0049921 0 P 0
L 2.6949055 6.1219921 2.8169055 6.1219921 0 P 0
L 2.7007874 0.7185039 2.7007874 0.7775591 0 P 0
L 2.7007874 0.7185039 2.7322834 0.7185039 0 P 0
L 2.7007874 0.7775591 2.7322834 0.7775591 0 P 0
L 2.7007874 1.1122047 2.7007874 1.1712599 0 P 0
L 2.7007874 1.1122047 2.7322834 1.1122047 0 P 0
L 2.7007874 1.1712599 2.7322834 1.1712599 0 P 0
L 2.7322834 0.7185039 2.7322834 0.7775591 0 P 0
L 2.7322834 1.1122047 2.7322834 1.1712599 0 P 0
L 2.7401575 1.1122047 2.7401575 1.1712599 0 P 0
L 2.7401575 1.1122047 2.7716535 1.1122047 0 P 0
L 2.7401575 1.1712599 2.7716535 1.1712599 0 P 0
L 2.7401575 2.9822834 2.7401575 3.0413386 0 P 0
L 2.7401575 2.9822834 2.7716535 2.9822834 0 P 0
L 2.7401575 3.0413386 2.7716535 3.0413386 0 P 0
L 2.746063 2.0314961 2.746063 2.0629921 0 P 0
L 2.746063 2.0708662 2.746063 2.1023622 0 P 0
L 2.746063 2.1102363 2.746063 2.1417323 0 P 0
L 2.746063 2.1496063 2.746063 2.1811023 0 P 0
L 2.765748 1.3622048 2.765748 1.3937008 0 P 0
L 2.765748 1.3622048 2.8248032 1.3622048 0 P 0
L 2.765748 1.3937008 2.8248032 1.3937008 0 P 0
L 2.765748 2.0314961 2.765748 2.0629921 0 P 0
L 2.765748 2.0314961 2.8248032 2.0314961 0 P 0
L 2.765748 2.0629921 2.8248032 2.0629921 0 P 0
L 2.765748 2.1496063 2.765748 2.1811023 0 P 0
L 2.765748 2.1496063 2.8248032 2.1496063 0 P 0
L 2.765748 2.1811023 2.8248032 2.1811023 0 P 0
L 2.7716535 1.1122047 2.7716535 1.1712599 0 P 0
L 2.7716535 2.9822834 2.7716535 3.0413386 0 P 0
L 2.7795276 2.9822834 2.7795276 3.0413386 0 P 0
L 2.7795276 2.9822834 2.8110236 2.9822834 0 P 0
L 2.7795276 3.0413386 2.8110236 3.0413386 0 P 0
L 2.7795276 3.1791338 2.7795276 3.238189 0 P 0
L 2.7795276 3.1791338 2.8110236 3.1791338 0 P 0
L 2.7795276 3.238189 2.8110236 3.238189 0 P 0
L 2.8110236 2.9822834 2.8110236 3.0413386 0 P 0
L 2.8110236 3.1791338 2.8110236 3.238189 0 P 0
L 2.8169055 6.0049921 2.8169055 6.1219921 0 P 0
L 2.819685 2.7795276 2.819685 2.8110236 0 P 0
L 2.819685 2.7795276 2.8787402 2.7795276 0 P 0
L 2.819685 2.8110236 2.8787402 2.8110236 0 P 0
L 2.8248032 1.3622048 2.8248032 1.3937008 0 P 0
L 2.8248032 2.0314961 2.8248032 2.0629921 0 P 0
L 2.8248032 2.1496063 2.8248032 2.1811023 0 P 0
L 2.8503937 4.1830708 2.8503937 4.242126 0 P 0
L 2.8503937 4.1830708 2.8818897 4.1830708 0 P 0
L 2.8503937 4.242126 2.8818897 4.242126 0 P 0
L 2.8582677 6.0503936 2.8582677 6.1094488 0 P 0
L 2.8582677 6.0503936 2.8897637 6.0503936 0 P 0
L 2.8582677 6.1094488 2.8897637 6.1094488 0 P 0
L 2.8787402 2.7795276 2.8787402 2.8110236 0 P 0
L 2.8818897 4.1830708 2.8818897 4.242126 0 P 0
L 2.8818898 4.1830708 2.8818898 4.242126 0 P 0
L 2.8818898 4.1830708 2.9133858 4.1830708 0 P 0
L 2.8818898 4.242126 2.9133858 4.242126 0 P 0
L 2.8850393 2.7795276 2.8850393 2.8110236 0 P 0
L 2.8850393 2.7795276 2.9440945 2.7795276 0 P 0
L 2.8850393 2.8110236 2.9440945 2.8110236 0 P 0
L 2.8897637 6.0503936 2.8897637 6.1094488 0 P 0
L 2.8976378 6.0503936 2.8976378 6.1094488 0 P 0
L 2.8976378 6.0503936 2.9291338 6.0503936 0 P 0
L 2.8976378 6.1094488 2.9291338 6.1094488 0 P 0
L 2.9133858 4.1830708 2.9133858 4.242126 0 P 0
L 2.9133858 4.1830708 2.9133858 4.242126 0 P 0
L 2.9133858 4.1830708 2.9448818 4.1830708 0 P 0
L 2.9133858 4.242126 2.9448818 4.242126 0 P 0
L 2.9291338 6.0503936 2.9291338 6.1094488 0 P 0
L 2.9440945 2.7795276 2.9440945 2.8110236 0 P 0
L 2.9448818 4.1830708 2.9448818 4.242126 0 P 0
L 2.9448819 4.1830708 2.9448819 4.242126 0 P 0
L 2.9448819 4.1830708 2.9763779 4.1830708 0 P 0
L 2.9448819 4.242126 2.9763779 4.242126 0 P 0
L 2.9625984 6.0472441 2.9625984 6.0787401 0 P 0
L 2.9625984 6.0472441 3.0216536 6.0472441 0 P 0
L 2.9625984 6.0787401 3.0216536 6.0787401 0 P 0
L 2.9763779 4.1830708 2.9763779 4.242126 0 P 0
L 3.0216536 6.0472441 3.0216536 6.0787401 0 P 0
L 3.0413385 4.7480315 3.0413385 4.7795275 0 P 0
L 3.0413385 4.7480315 3.1003937 4.7480315 0 P 0
L 3.0413385 4.7795275 3.1003937 4.7795275 0 P 0
L 3.0551181 6.0503936 3.0551181 6.1094488 0 P 0
L 3.0551181 6.0503936 3.0866141 6.0503936 0 P 0
L 3.0551181 6.1094488 3.0866141 6.1094488 0 P 0
L 3.0866141 6.0503936 3.0866141 6.1094488 0 P 0
L 3.0944882 6.0503936 3.0944882 6.1094488 0 P 0
L 3.0944882 6.0503936 3.1259842 6.0503936 0 P 0
L 3.0944882 6.1094488 3.1259842 6.1094488 0 P 0
L 3.1003937 4.7480315 3.1003937 4.7795275 0 P 0
L 3.1259842 6.0503936 3.1259842 6.1094488 0 P 0
L 3.1594488 2.4645669 3.1594488 2.4960629 0 P 0
L 3.1594488 2.4645669 3.218504 2.4645669 0 P 0
L 3.1594488 2.4960629 3.218504 2.4960629 0 P 0
L 3.1594488 3.8425197 3.1594488 3.8740157 0 P 0
L 3.1594488 3.8425197 3.218504 3.8425197 0 P 0
L 3.1594488 3.8740157 3.218504 3.8740157 0 P 0
L 3.1929134 0.4822834 3.1929134 0.5413386 0 P 0
L 3.1929134 0.4822834 3.2244094 0.4822834 0 P 0
L 3.1929134 0.5413386 3.2244094 0.5413386 0 P 0
L 3.1929134 0.6397637 3.1929134 0.6988189 0 P 0
L 3.1929134 0.6397637 3.2244094 0.6397637 0 P 0
L 3.1929134 0.6988189 3.2244094 0.6988189 0 P 0
L 3.218504 2.4645669 3.218504 2.4960629 0 P 0
L 3.218504 3.8425197 3.218504 3.8740157 0 P 0
L 3.2244094 0.4822834 3.2244094 0.5413386 0 P 0
L 3.2244094 0.6397637 3.2244094 0.6988189 0 P 0
L 3.2785434 0.4035433 3.2785434 0.4625985 0 P 0
L 3.2785434 0.4035433 3.3100394 0.4035433 0 P 0
L 3.2785434 0.4625985 3.3100394 0.4625985 0 P 0
L 3.2785434 0.7185039 3.2785434 0.7775591 0 P 0
L 3.2785434 0.7185039 3.3100394 0.7185039 0 P 0
L 3.2785434 0.7775591 3.3100394 0.7775591 0 P 0
L 3.3100394 0.4035433 3.3100394 0.4625985 0 P 0
L 3.3100394 0.7185039 3.3100394 0.7775591 0 P 0
L 3.3169291 2.3543306 3.3169291 2.3858266 0 P 0
L 3.3169291 2.3543306 3.3759843 2.3543306 0 P 0
L 3.3169291 2.3858266 3.3759843 2.3858266 0 P 0
L 3.3169291 2.4055117 3.3169291 2.4370077 0 P 0
L 3.3169291 2.4055117 3.3759843 2.4055117 0 P 0
L 3.3169291 2.4370077 3.3759843 2.4370077 0 P 0
L 3.3169291 2.4566929 3.3169291 2.4881889 0 P 0
L 3.3169291 2.4566929 3.3759843 2.4566929 0 P 0
L 3.3169291 2.4881889 3.3759843 2.4881889 0 P 0
L 3.3169291 2.507874 3.3169291 2.53937 0 P 0
L 3.3169291 2.507874 3.3759843 2.507874 0 P 0
L 3.3169291 2.53937 3.3759843 2.53937 0 P 0
L 3.3169291 2.6299212 3.3169291 2.6614172 0 P 0
L 3.3169291 2.6299212 3.3759843 2.6299212 0 P 0
L 3.3169291 2.6614172 3.3759843 2.6614172 0 P 0
L 3.3169291 2.6811024 3.3169291 2.7125984 0 P 0
L 3.3169291 2.6811024 3.3759843 2.6811024 0 P 0
L 3.3169291 2.7125984 3.3759843 2.7125984 0 P 0
L 3.3169291 2.7322836 3.3169291 2.7637796 0 P 0
L 3.3169291 2.7322836 3.3759843 2.7322836 0 P 0
L 3.3169291 2.7637796 3.3759843 2.7637796 0 P 0
L 3.3169291 2.7834647 3.3169291 2.8149607 0 P 0
L 3.3169291 2.7834647 3.3759843 2.7834647 0 P 0
L 3.3169291 2.8149607 3.3759843 2.8149607 0 P 0
L 3.3169291 2.8444883 3.3169291 2.8759843 0 P 0
L 3.3169291 2.8444883 3.3759843 2.8444883 0 P 0
L 3.3169291 2.8759843 3.3759843 2.8759843 0 P 0
L 3.3169291 2.9055119 3.3169291 2.9370079 0 P 0
L 3.3169291 2.9055119 3.3759843 2.9055119 0 P 0
L 3.3169291 2.9370079 3.3759843 2.9370079 0 P 0
L 3.3169291 2.956693 3.3169291 2.988189 0 P 0
L 3.3169291 2.956693 3.3759843 2.956693 0 P 0
L 3.3169291 2.988189 3.3759843 2.988189 0 P 0
L 3.3169291 3.0078742 3.3169291 3.0393702 0 P 0
L 3.3169291 3.0078742 3.3759843 3.0078742 0 P 0
L 3.3169291 3.0393702 3.3759843 3.0393702 0 P 0
L 3.3169291 3.0590553 3.3169291 3.0905513 0 P 0
L 3.3169291 3.0590553 3.3759843 3.0590553 0 P 0
L 3.3169291 3.0905513 3.3759843 3.0905513 0 P 0
L 3.3169291 3.5177166 3.3169291 3.5492126 0 P 0
L 3.3169291 3.5177166 3.3759843 3.5177166 0 P 0
L 3.3169291 3.5492126 3.3759843 3.5492126 0 P 0
L 3.3169291 3.5570867 3.3169291 3.5885827 0 P 0
L 3.3169291 3.5570867 3.3759843 3.5570867 0 P 0
L 3.3169291 3.5885827 3.3759843 3.5885827 0 P 0
L 3.3169291 3.5964567 3.3169291 3.6279527 0 P 0
L 3.3169291 3.5964567 3.3759843 3.5964567 0 P 0
L 3.3169291 3.6279527 3.3759843 3.6279527 0 P 0
L 3.3169291 4.0108268 3.3169291 4.0423228 0 P 0
L 3.3169291 4.0108268 3.3759843 4.0108268 0 P 0
L 3.3169291 4.0423228 3.3759843 4.0423228 0 P 0
L 3.3169291 4.062008 3.3169291 4.093504 0 P 0
L 3.3169291 4.062008 3.3759843 4.062008 0 P 0
L 3.3169291 4.093504 3.3759843 4.093504 0 P 0
L 3.3297245 0.4035433 3.3297245 0.4625985 0 P 0
L 3.3297245 0.4035433 3.3612205 0.4035433 0 P 0
L 3.3297245 0.4625985 3.3612205 0.4625985 0 P 0
L 3.3297245 0.7185039 3.3297245 0.7775591 0 P 0
L 3.3297245 0.7185039 3.3612205 0.7185039 0 P 0
L 3.3297245 0.7775591 3.3612205 0.7775591 0 P 0
L 3.3590548 4.7480315 3.3590548 4.7795275 0 P 0
L 3.3590548 4.7480315 3.41811 4.7480315 0 P 0
L 3.3590548 4.7795275 3.41811 4.7795275 0 P 0
L 3.3612205 0.4035433 3.3612205 0.4625985 0 P 0
L 3.3612205 0.7185039 3.3612205 0.7775591 0 P 0
L 3.3759843 2.3543306 3.3759843 2.3858266 0 P 0
L 3.3759843 2.4055117 3.3759843 2.4370077 0 P 0
L 3.3759843 2.4566929 3.3759843 2.4881889 0 P 0
L 3.3759843 2.507874 3.3759843 2.53937 0 P 0
L 3.3759843 2.6299212 3.3759843 2.6614172 0 P 0
L 3.3759843 2.6811024 3.3759843 2.7125984 0 P 0
L 3.3759843 2.7322836 3.3759843 2.7637796 0 P 0
L 3.3759843 2.7834647 3.3759843 2.8149607 0 P 0
L 3.3759843 2.8444883 3.3759843 2.8759843 0 P 0
L 3.3759843 2.9055119 3.3759843 2.9370079 0 P 0
L 3.3759843 2.956693 3.3759843 2.988189 0 P 0
L 3.3759843 3.0078742 3.3759843 3.0393702 0 P 0
L 3.3759843 3.0590553 3.3759843 3.0905513 0 P 0
L 3.3759843 3.5177166 3.3759843 3.5492126 0 P 0
L 3.3759843 3.5570867 3.3759843 3.5885827 0 P 0
L 3.3759843 3.5964567 3.3759843 3.6279527 0 P 0
L 3.3759843 4.0108268 3.3759843 4.0423228 0 P 0
L 3.3759843 4.062008 3.3759843 4.093504 0 P 0
L 3.3956693 1.2834646 3.3956693 1.3149606 0 P 0
L 3.3956693 1.2834646 3.4547245 1.2834646 0 P 0
L 3.3956693 1.3149606 3.4547245 1.3149606 0 P 0
L 3.3956693 1.3228347 3.3956693 1.3543307 0 P 0
L 3.3956693 1.3228347 3.4547245 1.3228347 0 P 0
L 3.3956693 1.3543307 3.4547245 1.3543307 0 P 0
L 3.3956693 1.3622048 3.3956693 1.3937008 0 P 0
L 3.3956693 1.3622048 3.4547245 1.3622048 0 P 0
L 3.3956693 1.3937008 3.4547245 1.3937008 0 P 0
L 3.4094489 0.7185039 3.4094489 0.7775591 0 P 0
L 3.4094489 0.7185039 3.4409449 0.7185039 0 P 0
L 3.4094489 0.7775591 3.4409449 0.7775591 0 P 0
L 3.41811 4.7480315 3.41811 4.7795275 0 P 0
L 3.4409449 0.7185039 3.4409449 0.7775591 0 P 0
L 3.4488189 0.7185039 3.4488189 0.7775591 0 P 0
L 3.4488189 0.7185039 3.4803149 0.7185039 0 P 0
L 3.4488189 0.7775591 3.4803149 0.7775591 0 P 0
L 3.4488189 1.1712598 3.4488189 1.230315 0 P 0
L 3.4488189 1.1712598 3.4803149 1.1712598 0 P 0
L 3.4488189 1.230315 3.4803149 1.230315 0 P 0
L 3.448819 0.4035433 3.448819 0.4625985 0 P 0
L 3.448819 0.4035433 3.480315 0.4035433 0 P 0
L 3.448819 0.4625985 3.480315 0.4625985 0 P 0
L 3.449315 1.4468503 3.449315 1.5059055 0 P 0
L 3.449315 1.4468503 3.480811 1.4468503 0 P 0
L 3.449315 1.5059055 3.480811 1.5059055 0 P 0
L 3.4547245 1.2834646 3.4547245 1.3149606 0 P 0
L 3.4547245 1.3228347 3.4547245 1.3543307 0 P 0
L 3.4547245 1.3622048 3.4547245 1.3937008 0 P 0
L 3.4747362 6.0459921 3.4747362 6.0799921 0 P 0
L 3.4747362 6.0459921 3.5707362 6.0459921 0 P 0
L 3.4747362 6.0799921 3.5707362 6.0799921 0 P 0
L 3.4803149 0.7185039 3.4803149 0.7775591 0 P 0
L 3.4803149 1.1712598 3.4803149 1.230315 0 P 0
L 3.480315 0.4035433 3.480315 0.4625985 0 P 0
L 3.480811 1.4468503 3.480811 1.5059055 0 P 0
L 3.488189 0.4035433 3.488189 0.4625985 0 P 0
L 3.488189 0.4035433 3.519685 0.4035433 0 P 0
L 3.488189 0.4625985 3.519685 0.4625985 0 P 0
L 3.488189 0.7185039 3.488189 0.7775591 0 P 0
L 3.488189 0.7185039 3.519685 0.7185039 0 P 0
L 3.488189 0.7775591 3.519685 0.7775591 0 P 0
L 3.488189 1.1712598 3.488189 1.230315 0 P 0
L 3.488189 1.1712598 3.519685 1.1712598 0 P 0
L 3.488189 1.230315 3.519685 1.230315 0 P 0
L 3.4886851 1.4468503 3.4886851 1.5059055 0 P 0
L 3.4886851 1.4468503 3.5201811 1.4468503 0 P 0
L 3.4886851 1.5059055 3.5201811 1.5059055 0 P 0
L 3.5137795 5.968504 3.5137795 6 0 P 0
L 3.5137795 5.968504 3.5728347 5.968504 0 P 0
L 3.5137795 6 3.5728347 6 0 P 0
L 3.5137795 6.007874 3.5137795 6.03937 0 P 0
L 3.5137795 6.007874 3.5728347 6.007874 0 P 0
L 3.5137795 6.03937 3.5728347 6.03937 0 P 0
L 3.519685 0.4035433 3.519685 0.4625985 0 P 0
L 3.519685 0.7185039 3.519685 0.7775591 0 P 0
L 3.519685 1.1712598 3.519685 1.230315 0 P 0
L 3.5201811 1.4468503 3.5201811 1.5059055 0 P 0
L 3.5367369 6.0937323 3.5367369 6.1897323 0 P 0
L 3.5367369 6.0937323 3.5707369 6.0937323 0 P 0
L 3.5367369 6.1897323 3.5707369 6.1897323 0 P 0
L 3.5707362 6.0459921 3.5707362 6.0799921 0 P 0
L 3.5707369 6.0937323 3.5707369 6.1897323 0 P 0
L 3.5728347 5.968504 3.5728347 6 0 P 0
L 3.5728347 6.007874 3.5728347 6.03937 0 P 0
L 3.5925196 5.968504 3.5925196 6 0 P 0
L 3.5925196 5.968504 3.6515748 5.968504 0 P 0
L 3.5925196 6 3.6515748 6 0 P 0
L 3.5925196 6.007874 3.5925196 6.03937 0 P 0
L 3.5925196 6.007874 3.6515748 6.007874 0 P 0
L 3.5925196 6.03937 3.6515748 6.03937 0 P 0
L 3.5946142 6.0937323 3.5946142 6.1897323 0 P 0
L 3.5946142 6.0937323 3.6286142 6.0937323 0 P 0
L 3.5946142 6.1897323 3.6286142 6.1897323 0 P 0
L 3.5946181 6.0459921 3.5946181 6.0799921 0 P 0
L 3.5946181 6.0459921 3.6906181 6.0459921 0 P 0
L 3.5946181 6.0799921 3.6906181 6.0799921 0 P 0
L 3.6101575 0.3505512 3.6101575 0.8315512 0 P 0
L 3.6101575 0.3505512 3.8701575 0.3505512 0 P 0
L 3.6101575 0.8315512 3.8701575 0.8315512 0 P 0
L 3.6259843 1.0661417 3.6259843 1.1251969 0 P 0
L 3.6259843 1.0661417 3.6574803 1.0661417 0 P 0
L 3.6259843 1.1251969 3.6574803 1.1251969 0 P 0
L 3.6259843 1.1515748 3.6259843 1.21063 0 P 0
L 3.6259843 1.1515748 3.6574803 1.1515748 0 P 0
L 3.6259843 1.21063 3.6574803 1.21063 0 P 0
L 3.6259843 1.3295276 3.6259843 1.3885828 0 P 0
L 3.6259843 1.3295276 3.6574803 1.3295276 0 P 0
L 3.6259843 1.3885828 3.6574803 1.3885828 0 P 0
L 3.6259843 1.565748 3.6259843 1.6248032 0 P 0
L 3.6259843 1.565748 3.6574803 1.565748 0 P 0
L 3.6259843 1.6248032 3.6574803 1.6248032 0 P 0
L 3.6286142 6.0937323 3.6286142 6.1897323 0 P 0
L 3.6515748 5.968504 3.6515748 6 0 P 0
L 3.6515748 6.007874 3.6515748 6.03937 0 P 0
L 3.6574803 1.0661417 3.6574803 1.1251969 0 P 0
L 3.6574803 1.1515748 3.6574803 1.21063 0 P 0
L 3.6574803 1.3295276 3.6574803 1.3885828 0 P 0
L 3.6574803 1.565748 3.6574803 1.6248032 0 P 0
L 3.6906181 6.0459921 3.6906181 6.0799921 0 P 0
L 3.7106299 2.3543306 3.7106299 2.3858266 0 P 0
L 3.7106299 2.3543306 3.7696851 2.3543306 0 P 0
L 3.7106299 2.3858266 3.7696851 2.3858266 0 P 0
L 3.7106299 2.4055117 3.7106299 2.4370077 0 P 0
L 3.7106299 2.4055117 3.7696851 2.4055117 0 P 0
L 3.7106299 2.4370077 3.7696851 2.4370077 0 P 0
L 3.7106299 2.4566929 3.7106299 2.4881889 0 P 0
L 3.7106299 2.4566929 3.7696851 2.4566929 0 P 0
L 3.7106299 2.4881889 3.7696851 2.4881889 0 P 0
L 3.7106299 2.507874 3.7106299 2.53937 0 P 0
L 3.7106299 2.507874 3.7696851 2.507874 0 P 0
L 3.7106299 2.53937 3.7696851 2.53937 0 P 0
L 3.7106299 2.6299211 3.7106299 2.6614171 0 P 0
L 3.7106299 2.6299211 3.7696851 2.6299211 0 P 0
L 3.7106299 2.6614171 3.7696851 2.6614171 0 P 0
L 3.7106299 2.6811023 3.7106299 2.7125983 0 P 0
L 3.7106299 2.6811023 3.7696851 2.6811023 0 P 0
L 3.7106299 2.7125983 3.7696851 2.7125983 0 P 0
L 3.7106299 2.7322835 3.7106299 2.7637795 0 P 0
L 3.7106299 2.7322835 3.7696851 2.7322835 0 P 0
L 3.7106299 2.7637795 3.7696851 2.7637795 0 P 0
L 3.7106299 2.7834646 3.7106299 2.8149606 0 P 0
L 3.7106299 2.7834646 3.7696851 2.7834646 0 P 0
L 3.7106299 2.8149606 3.7696851 2.8149606 0 P 0
L 3.7106299 2.8444882 3.7106299 2.8759842 0 P 0
L 3.7106299 2.8444882 3.7696851 2.8444882 0 P 0
L 3.7106299 2.8759842 3.7696851 2.8759842 0 P 0
L 3.7106299 3.0590552 3.7106299 3.0905512 0 P 0
L 3.7106299 3.0590552 3.7696851 3.0590552 0 P 0
L 3.7106299 3.0905512 3.7696851 3.0905512 0 P 0
L 3.7106299 4.062008 3.7106299 4.093504 0 P 0
L 3.7106299 4.062008 3.7696851 4.062008 0 P 0
L 3.7106299 4.093504 3.7696851 4.093504 0 P 0
L 3.7696851 2.3543306 3.7696851 2.3858266 0 P 0
L 3.7696851 2.4055117 3.7696851 2.4370077 0 P 0
L 3.7696851 2.4566929 3.7696851 2.4881889 0 P 0
L 3.7696851 2.507874 3.7696851 2.53937 0 P 0
L 3.7696851 2.6299211 3.7696851 2.6614171 0 P 0
L 3.7696851 2.6811023 3.7696851 2.7125983 0 P 0
L 3.7696851 2.7322835 3.7696851 2.7637795 0 P 0
L 3.7696851 2.7834646 3.7696851 2.8149606 0 P 0
L 3.7696851 2.8444882 3.7696851 2.8759842 0 P 0
L 3.7696851 3.0590552 3.7696851 3.0905512 0 P 0
L 3.7696851 4.062008 3.7696851 4.093504 0 P 0
L 3.8215827 1.2969804 3.8215827 1.3929804 0 P 0
L 3.8215827 1.2969804 3.8555827 1.2969804 0 P 0
L 3.8215827 1.3929804 3.8555827 1.3929804 0 P 0
L 3.8215827 1.5332008 3.8215827 1.6292008 0 P 0
L 3.8215827 1.5332008 3.8555827 1.5332008 0 P 0
L 3.8215827 1.6292008 3.8555827 1.6292008 0 P 0
L 3.8228347 1.0661417 3.8228347 1.1251969 0 P 0
L 3.8228347 1.0661417 3.8543307 1.0661417 0 P 0
L 3.8228347 1.1251969 3.8543307 1.1251969 0 P 0
L 3.8425197 5.5019685 3.8425197 5.5610237 0 P 0
L 3.8425197 5.5019685 3.8740157 5.5019685 0 P 0
L 3.8425197 5.5610237 3.8740157 5.5610237 0 P 0
L 3.8543307 1.0661417 3.8543307 1.1251969 0 P 0
L 3.8555827 1.2969804 3.8555827 1.3929804 0 P 0
L 3.8555827 1.5332008 3.8555827 1.6292008 0 P 0
L 3.8622048 1.3295276 3.8622048 1.3885828 0 P 0
L 3.8622048 1.3295276 3.8937008 1.3295276 0 P 0
L 3.8622048 1.3885828 3.8937008 1.3885828 0 P 0
L 3.8622048 1.565748 3.8622048 1.6248032 0 P 0
L 3.8622048 1.565748 3.8937008 1.565748 0 P 0
L 3.8622048 1.6248032 3.8937008 1.6248032 0 P 0
L 3.8701575 0.3505512 3.8701575 0.8315512 0 P 0
L 3.8740157 5.5019685 3.8740157 5.5610237 0 P 0
L 3.8937008 1.3295276 3.8937008 1.3885828 0 P 0
L 3.8937008 1.565748 3.8937008 1.6248032 0 P 0
L 3.9015748 1.3295276 3.9015748 1.3885828 0 P 0
L 3.9015748 1.3295276 3.9330708 1.3295276 0 P 0
L 3.9015748 1.3885828 3.9330708 1.3885828 0 P 0
L 3.9015748 1.565748 3.9015748 1.6248032 0 P 0
L 3.9015748 1.565748 3.9330708 1.565748 0 P 0
L 3.9015748 1.6248032 3.9330708 1.6248032 0 P 0
L 3.9074803 6.062252 3.9074803 6.093748 0 P 0
L 3.9074803 6.062252 3.9665355 6.062252 0 P 0
L 3.9074803 6.093748 3.9665355 6.093748 0 P 0
L 3.9087086 4.8368898 3.9087087 5.8488898 0 P 0
L 3.9087086 4.8368898 4.6447087 4.8368898 0 P 0
L 3.9087087 5.8488898 4.6447087 5.8488898 0 P 0
L 3.9330708 1.3295276 3.9330708 1.3885828 0 P 0
L 3.9330708 1.565748 3.9330708 1.6248032 0 P 0
L 3.9665355 6.062252 3.9665355 6.093748 0 P 0
L 4.0196851 4.6161417 4.0196851 4.6751969 0 P 0
L 4.0196851 4.6161417 4.0511811 4.6161417 0 P 0
L 4.0196851 4.6751969 4.0511811 4.6751969 0 P 0
L 4.0511811 4.6161417 4.0511811 4.6751969 0 P 0
L 4.0590551 4.6161417 4.0590551 4.6751969 0 P 0
L 4.0590551 4.6161417 4.0905511 4.6161417 0 P 0
L 4.0590551 4.6751969 4.0905511 4.6751969 0 P 0
L 4.0905511 4.6161417 4.0905511 4.6751969 0 P 0
L 4.0984252 4.6161417 4.0984252 4.6751969 0 P 0
L 4.0984252 4.6161417 4.1299212 4.6161417 0 P 0
L 4.0984252 4.6751969 4.1299212 4.6751969 0 P 0
L 4.1299212 4.6161417 4.1299212 4.6751969 0 P 0
L 4.1830708 4.7874016 4.1830708 4.8188976 0 P 0
L 4.1830708 4.7874016 4.242126 4.7874016 0 P 0
L 4.1830708 4.8188976 4.242126 4.8188976 0 P 0
L 4.242126 4.7874016 4.242126 4.8188976 0 P 0
L 4.281496 4.7874016 4.281496 4.8188976 0 P 0
L 4.281496 4.7874016 4.3405512 4.7874016 0 P 0
L 4.281496 4.8188976 4.3405512 4.8188976 0 P 0
L 4.3011811 6.0616142 4.3011811 6.0931102 0 P 0
L 4.3011811 6.0616142 4.3602363 6.0616142 0 P 0
L 4.3011811 6.0931102 4.3602363 6.0931102 0 P 0
L 4.3011811 6.1116142 4.3011811 6.1431102 0 P 0
L 4.3011811 6.1116142 4.3602363 6.1116142 0 P 0
L 4.3011811 6.1431102 4.3602363 6.1431102 0 P 0
L 4.3011811 6.1616142 4.3011811 6.1931102 0 P 0
L 4.3011811 6.1616142 4.3602363 6.1616142 0 P 0
L 4.3011811 6.1931102 4.3602363 6.1931102 0 P 0
L 4.3011811 6.2009843 4.3011811 6.2324803 0 P 0
L 4.3011811 6.2009843 4.3602363 6.2009843 0 P 0
L 4.3011811 6.2324803 4.3602363 6.2324803 0 P 0
L 4.3405512 4.7874016 4.3405512 4.8188976 0 P 0
L 4.3602363 6.0616142 4.3602363 6.0931102 0 P 0
L 4.3602363 6.1116142 4.3602363 6.1431102 0 P 0
L 4.3602363 6.1616142 4.3602363 6.1931102 0 P 0
L 4.3602363 6.2009843 4.3602363 6.2324803 0 P 0
L 4.3740158 4.6161417 4.3740158 4.6751969 0 P 0
L 4.3740158 4.6161417 4.4055118 4.6161417 0 P 0
L 4.3740158 4.6751969 4.4055118 4.6751969 0 P 0
L 4.3996063 4.7874016 4.3996063 4.8188976 0 P 0
L 4.3996063 4.7874016 4.4586615 4.7874016 0 P 0
L 4.3996063 4.8188976 4.4586615 4.8188976 0 P 0
L 4.4055118 4.6161417 4.4055118 4.6751969 0 P 0
L 4.4133859 4.6161417 4.4133859 4.6751969 0 P 0
L 4.4133859 4.6161417 4.4448819 4.6161417 0 P 0
L 4.4133859 4.6751969 4.4448819 4.6751969 0 P 0
L 4.4448819 4.6161417 4.4448819 4.6751969 0 P 0
L 4.4527559 4.6161417 4.4527559 4.6751969 0 P 0
L 4.4527559 4.6161417 4.4842519 4.6161417 0 P 0
L 4.4527559 4.6751969 4.4842519 4.6751969 0 P 0
L 4.4586615 4.7874016 4.4586615 4.8188976 0 P 0
L 4.4783464 4.7874016 4.4783464 4.8188976 0 P 0
L 4.4783464 4.7874016 4.5374016 4.7874016 0 P 0
L 4.4783464 4.8188976 4.5374016 4.8188976 0 P 0
L 4.4842519 4.6161417 4.4842519 4.6751969 0 P 0
L 4.5374016 4.7874016 4.5374016 4.8188976 0 P 0
L 4.6447087 4.8368898 4.6447087 5.8488898 0 P 0
L 5.7185039 2.1539528 5.7185039 2.1854488 0 P 0
L 5.7185039 2.1539528 5.7775591 2.1539528 0 P 0
L 5.7185039 2.1854488 5.7775591 2.1854488 0 P 0
L 5.7185039 2.2031654 5.7185039 2.2346614 0 P 0
L 5.7185039 2.2031654 5.7775591 2.2031654 0 P 0
L 5.7185039 2.2346614 5.7775591 2.2346614 0 P 0
L 5.7185039 2.252378 5.7185039 2.283874 0 P 0
L 5.7185039 2.252378 5.7775591 2.252378 0 P 0
L 5.7185039 2.283874 5.7775591 2.283874 0 P 0
L 5.7185039 2.8336615 5.7185039 2.8651575 0 P 0
L 5.7185039 2.8336615 5.7775591 2.8336615 0 P 0
L 5.7185039 2.8651575 5.7775591 2.8651575 0 P 0
L 5.7185039 3.4137953 5.7185039 3.4452913 0 P 0
L 5.7185039 3.4137953 5.7775591 3.4137953 0 P 0
L 5.7185039 3.4452913 5.7775591 3.4452913 0 P 0
L 5.7185039 3.4630079 5.7185039 3.4945039 0 P 0
L 5.7185039 3.4630079 5.7775591 3.4630079 0 P 0
L 5.7185039 3.4945039 5.7775591 3.4945039 0 P 0
L 5.7185039 3.5122206 5.7185039 3.5437166 0 P 0
L 5.7185039 3.5122206 5.7775591 3.5122206 0 P 0
L 5.7185039 3.5437166 5.7775591 3.5437166 0 P 0
L 5.7185039 4.0830867 5.7185039 4.1145827 0 P 0
L 5.7185039 4.0830867 5.7775591 4.0830867 0 P 0
L 5.7185039 4.1145827 5.7775591 4.1145827 0 P 0
L 5.7185039 4.1322993 5.7185039 4.1637953 0 P 0
L 5.7185039 4.1322993 5.7775591 4.1322993 0 P 0
L 5.7185039 4.1637953 5.7775591 4.1637953 0 P 0
L 5.7185039 4.1815119 5.7185039 4.2130079 0 P 0
L 5.7185039 4.1815119 5.7775591 4.1815119 0 P 0
L 5.7185039 4.2130079 5.7775591 4.2130079 0 P 0
L 5.7775591 2.1539528 5.7775591 2.1854488 0 P 0
L 5.7775591 2.2031654 5.7775591 2.2346614 0 P 0
L 5.7775591 2.252378 5.7775591 2.283874 0 P 0
L 5.7775591 2.8336615 5.7775591 2.8651575 0 P 0
L 5.7775591 3.4137953 5.7775591 3.4452913 0 P 0
L 5.7775591 3.4630079 5.7775591 3.4945039 0 P 0
L 5.7775591 3.5122206 5.7775591 3.5437166 0 P 0
L 5.7775591 4.0830867 5.7775591 4.1145827 0 P 0
L 5.7775591 4.1322993 5.7775591 4.1637953 0 P 0
L 5.7775591 4.1815119 5.7775591 4.2130079 0 P 0
