#Layer_Color=8388736
#
#Feature symbol names
#
$0 r0.7874
$1 r0.3937

#
#Feature attribute names
#

#
#Layer features
#
L -0.023622 0.3051181 -0.023622 0.3641733 1 P 0
L -0.023622 0.3051181 0.0236221 0.3051181 1 P 0
L -0.023622 0.3641733 0.0236221 0.3641733 1 P 0
L -0.0295276 0.1820866 -0.0295276 0.2116142 1 P 0
L -0.0295276 0.1820866 0.0295276 0.1820866 1 P 0
L -0.0295276 0.2116142 0.0295276 0.2116142 1 P 0
L -0.0295276 0.2214567 -0.0295276 0.2509843 1 P 0
L -0.0295276 0.2214567 0.0295276 0.2214567 1 P 0
L -0.0295276 0.2509843 0.0295276 0.2509843 1 P 0
L -0.0295276 0.2608268 -0.0295276 0.2903544 0 P 0
L -0.0295276 0.2608268 0.0295276 0.2608268 0 P 0
L -0.0295276 0.2903544 0.0295276 0.2903544 0 P 0
L -0.0295276 0.378937 -0.0295276 0.4084646 1 P 0
L -0.0295276 0.378937 0.0295276 0.378937 1 P 0
L -0.0295276 0.4084646 0.0295276 0.4084646 1 P 0
L -0.049 0.6756615 -0.049 0.7416615 1 P 0
L -0.049 0.6756615 0.049 0.6756615 1 P 0
L -0.049 0.7416615 0.049 0.7416615 1 P 0
L -0.0885826 0.1820866 -0.0885826 0.2116142 1 P 0
L -0.0885826 0.2214567 -0.0885826 0.2509843 1 P 0
L -0.0885826 0.2608268 -0.0885826 0.2903544 0 P 0
L -0.0885826 0.378937 -0.0885826 0.4084646 1 P 0
L -0.0944881 0.3051181 -0.0944881 0.3641733 1 P 0
L -0.132874 -0.1929134 -0.132874 -0.0944882 1 P 0
L -0.1377953 -0.2362205 -0.1377953 0.0787401 1 P 0
L -0.1377953 -0.2362205 0.3149606 -0.2362205 1 P 0
L -0.1377953 0.0787401 0.3149606 0.0787401 1 P 0
L -0.1417322 0.3051181 -0.0944881 0.3051181 1 P 0
L -0.1417322 0.3051181 -0.1417322 0.3641733 1 P 0
L -0.1417322 0.3641733 -0.0944881 0.3641733 1 P 0
L -0.1427165 -0.0261811 -0.1427165 0.0328741 0 P 0
L -0.1476378 0.1820866 -0.0885826 0.1820866 1 P 0
L -0.1476378 0.1820866 -0.1476378 0.2116142 1 P 0
L -0.1476378 0.2116142 -0.0885826 0.2116142 1 P 0
L -0.1476378 0.2214567 -0.0885826 0.2214567 1 P 0
L -0.1476378 0.2214567 -0.1476378 0.2509843 1 P 0
L -0.1476378 0.2509843 -0.0885826 0.2509843 1 P 0
L -0.1476378 0.2608268 -0.0885826 0.2608268 0 P 0
L -0.1476378 0.2608268 -0.1476378 0.2903544 0 P 0
L -0.1476378 0.2903544 -0.0885826 0.2903544 0 P 0
L -0.1476378 0.378937 -0.0885826 0.378937 1 P 0
L -0.1476378 0.378937 -0.1476378 0.4084646 1 P 0
L -0.1476378 0.4084646 -0.0885826 0.4084646 1 P 0
L -0.1722441 -0.0261811 -0.1427165 -0.0261811 0 P 0
L -0.1722441 -0.0261811 -0.1722441 0.0328741 0 P 0
L -0.1722441 0.0328741 -0.1427165 0.0328741 0 P 0
L -0.1820866 -0.0944882 -0.132874 -0.0944882 1 P 0
L -0.1820866 -0.1929134 -0.132874 -0.1929134 1 P 0
L -0.1820866 -0.1929134 -0.1820866 -0.0944882 1 P 0
L -0.1968503 0.5511811 -0.1968503 0.7874016 1 P 0
L -0.2755905 -0.2755906 -0.2755905 0.1181102 1 P 0
L -0.332441 0.2129606 -0.332441 0.4169606 1 P 0
L -0.3787401 -0.3297244 -0.3787401 -0.3001968 0 P 0
L -0.4377953 -0.3001968 -0.3787401 -0.3001968 0 P 0
L -0.4377953 -0.3297244 -0.3787401 -0.3297244 0 P 0
L -0.4377953 -0.3297244 -0.4377953 -0.3001968 0 P 0
L -0.4440944 0.1427165 -0.4440944 0.1722441 0 P 0
L -0.4755904 -0.3297244 -0.4755904 -0.3001968 0 P 0
L -0.5031496 0.1427165 -0.4440944 0.1427165 0 P 0
L -0.5031496 0.1427165 -0.5031496 0.1722441 0 P 0
L -0.5031496 0.1722441 -0.4440944 0.1722441 0 P 0
L -0.5346456 -0.3001968 -0.4755904 -0.3001968 0 P 0
L -0.5346456 -0.3297244 -0.4755904 -0.3297244 0 P 0
L -0.5346456 -0.3297244 -0.5346456 -0.3001968 0 P 0
L -0.612441 0.2129606 -0.332441 0.2129606 1 P 0
L -0.612441 0.2129606 -0.612441 0.4169606 1 P 0
L -0.612441 0.4169606 -0.332441 0.4169606 1 P 0
L -0.6692913 -0.2755906 -0.2755905 -0.2755906 1 P 0
L -0.6692913 -0.2755906 -0.6692913 0.1181102 1 P 0
L -0.6692913 0.1181102 -0.2755905 0.1181102 1 P 0
L -0.6938976 -0.1070867 -0.6938976 -0.0480315 1 P 0
L -0.6938976 -0.172441 -0.6938976 -0.1133858 0 P 0
L -0.7234252 -0.0480315 -0.6938976 -0.0480315 1 P 0
L -0.7234252 -0.1070867 -0.6938976 -0.1070867 1 P 0
L -0.7234252 -0.1070867 -0.7234252 -0.0480315 1 P 0
L -0.7234252 -0.1133858 -0.6938976 -0.1133858 0 P 0
L -0.7234252 -0.172441 -0.6938976 -0.172441 0 P 0
L -0.7234252 -0.172441 -0.7234252 -0.1133858 0 P 0
L -0.7480315 0.5511811 -0.1968503 0.5511811 1 P 0
L -0.7480315 0.5511811 -0.7480315 0.7874016 1 P 0
L -0.7480315 0.7874016 -0.1968503 0.7874016 1 P 0
L -0.8759842 -0.0147638 -0.8759842 0.0147638 1 P 0
L -0.8759842 -0.132874 -0.8759842 -0.1033464 1 P 0
L -0.8759842 0.0246063 -0.8759842 0.0541339 1 P 0
L -0.8818898 -0.0885827 -0.8818898 -0.0295275 1 P 0
L -0.9291339 -0.0295275 -0.8818898 -0.0295275 1 P 0
L -0.9291339 -0.0885827 -0.8818898 -0.0885827 1 P 0
L -0.9291339 -0.0885827 -0.9291339 -0.0295275 1 P 0
L -0.9350394 -0.0147638 -0.8759842 -0.0147638 1 P 0
L -0.9350394 -0.0147638 -0.9350394 0.0147638 1 P 0
L -0.9350394 -0.1033464 -0.8759842 -0.1033464 1 P 0
L -0.9350394 -0.132874 -0.8759842 -0.132874 1 P 0
L -0.9350394 -0.132874 -0.9350394 -0.1033464 1 P 0
L -0.9350394 0.0147638 -0.8759842 0.0147638 1 P 0
L -0.9350394 0.0246063 -0.8759842 0.0246063 1 P 0
L -0.9350394 0.0246063 -0.9350394 0.0541339 1 P 0
L -0.9350394 0.0541339 -0.8759842 0.0541339 1 P 0
L -0.9547244 -0.093504 -0.9547244 -0.0639764 1 P 0
L -0.9547244 -0.132874 -0.9547244 -0.1033464 1 P 0
L -0.9547244 0.0246063 -0.9547244 0.0541339 1 P 0
L -0.9606299 -0.0492126 -0.9606299 0.0098426 1 P 0
L -1.007874 -0.0492126 -0.9606299 -0.0492126 1 P 0
L -1.007874 -0.0492126 -1.007874 0.0098426 1 P 0
L -1.007874 0.0098426 -0.9606299 0.0098426 1 P 0
L -1.0137796 -0.0639764 -0.9547244 -0.0639764 1 P 0
L -1.0137796 -0.093504 -0.9547244 -0.093504 1 P 0
L -1.0137796 -0.093504 -1.0137796 -0.0639764 1 P 0
L -1.0137796 -0.1033464 -0.9547244 -0.1033464 1 P 0
L -1.0137796 -0.132874 -0.9547244 -0.132874 1 P 0
L -1.0137796 -0.132874 -1.0137796 -0.1033464 1 P 0
L -1.0137796 0.0246063 -0.9547244 0.0246063 1 P 0
L -1.0137796 0.0246063 -1.0137796 0.0541339 1 P 0
L -1.0137796 0.0541339 -0.9547244 0.0541339 1 P 0
L -1.5669291 -0.1555118 -1.5669291 0.5531496 1 P 0
L -1.5915354 -0.2657481 -1.5915354 -0.2066929 0 P 0
L -1.621063 -0.2066929 -1.5915354 -0.2066929 0 P 0
L -1.621063 -0.2657481 -1.5915354 -0.2657481 0 P 0
L -1.621063 -0.2657481 -1.621063 -0.2066929 0 P 0
L -1.6702756 -0.2657481 -1.6702756 -0.2066929 1 P 0
L -1.6998032 -0.2066929 -1.6702756 -0.2066929 1 P 0
L -1.6998032 -0.2657481 -1.6702756 -0.2657481 1 P 0
L -1.6998032 -0.2657481 -1.6998032 -0.2066929 1 P 0
L -1.7244095 -0.1555118 -1.5669291 -0.1555118 1 P 0
L -1.7244095 -0.1555118 -1.7244095 0.5531496 1 P 0
L -1.7244095 0.5531496 -1.5669291 0.5531496 1 P 0
L 0.0236221 0.3051181 0.0236221 0.3641733 1 P 0
L 0.0295276 0.1820866 0.0295276 0.2116142 1 P 0
L 0.0295276 0.2214567 0.0295276 0.2509843 1 P 0
L 0.0295276 0.2608268 0.0295276 0.2903544 0 P 0
L 0.0295276 0.378937 0.0295276 0.4084646 1 P 0
L 0.049 0.6756615 0.049 0.7416615 1 P 0
L 0.0885826 0.1820866 0.0885826 0.2116142 1 P 0
L 0.0885826 0.1820866 0.1476378 0.1820866 1 P 0
L 0.0885826 0.2116142 0.1476378 0.2116142 1 P 0
L 0.0885826 0.2214567 0.0885826 0.2509843 1 P 0
L 0.0885826 0.2214567 0.1476378 0.2214567 1 P 0
L 0.0885826 0.2509843 0.1476378 0.2509843 1 P 0
L 0.0885826 0.2608268 0.0885826 0.2903544 0 P 0
L 0.0885826 0.2608268 0.1476378 0.2608268 0 P 0
L 0.0885826 0.2903544 0.1476378 0.2903544 0 P 0
L 0.0885826 0.378937 0.0885826 0.4084646 1 P 0
L 0.0885826 0.378937 0.1476378 0.378937 1 P 0
L 0.0885826 0.4084646 0.1476378 0.4084646 1 P 0
L 0.0944882 0.3051181 0.0944882 0.3641733 1 P 0
L 0.0944882 0.3051181 0.1417323 0.3051181 1 P 0
L 0.0944882 0.3641733 0.1417323 0.3641733 1 P 0
L 0.1417323 0.3051181 0.1417323 0.3641733 1 P 0
L 0.1476378 0.1820866 0.1476378 0.2116142 1 P 0
L 0.1476378 0.2214567 0.1476378 0.2509843 1 P 0
L 0.1476378 0.2608268 0.1476378 0.2903544 0 P 0
L 0.1476378 0.378937 0.1476378 0.4084646 1 P 0
L 0.1968503 0.5511811 0.1968503 0.7874016 1 P 0
L 0.1968503 0.5511811 0.7480315 0.5511811 1 P 0
L 0.1968503 0.7874016 0.7480315 0.7874016 1 P 0
L 0.2805118 0.2559055 0.2805118 0.3149607 1 P 0
L 0.2805118 0.2559055 0.3100394 0.2559055 1 P 0
L 0.2805118 0.3149607 0.3100394 0.3149607 1 P 0
L 0.3100394 0.2559055 0.3100394 0.3149607 1 P 0
L 0.3149605 0.2362204 0.3149605 0.3937008 1 P 0
L 0.3149605 0.2362204 0.6299211 0.2362204 1 P 0
L 0.3149605 0.3937008 0.6299211 0.3937008 1 P 0
L 0.3149606 -0.2362205 0.3149606 0.0787401 1 P 0
L 0.3740156 -0.1968504 0.3740156 0.03937 1 P 0
L 0.3740156 -0.1968504 0.570866 -0.1968504 1 P 0
L 0.3740156 0.03937 0.570866 0.03937 1 P 0
L 0.382677 -0.246063 0.4122046 -0.246063 1 P 0
L 0.382677 -0.3051182 0.382677 -0.246063 1 P 0
L 0.382677 -0.3051182 0.4122046 -0.3051182 1 P 0
L 0.382677 0.0885826 0.382677 0.1476378 0 P 0
L 0.382677 0.0885826 0.4122046 0.0885826 0 P 0
L 0.382677 0.1476378 0.4122046 0.1476378 0 P 0
L 0.4122046 -0.3051182 0.4122046 -0.246063 1 P 0
L 0.4122046 0.0885826 0.4122046 0.1476378 0 P 0
L 0.432677 -0.246063 0.4622046 -0.246063 0 P 0
L 0.432677 -0.3051182 0.432677 -0.246063 0 P 0
L 0.432677 -0.3051182 0.4622046 -0.3051182 0 P 0
L 0.4622046 -0.3051182 0.4622046 -0.246063 0 P 0
L 0.4826771 -0.246063 0.5122047 -0.246063 1 P 0
L 0.4826771 -0.3051182 0.4826771 -0.246063 1 P 0
L 0.4826771 -0.3051182 0.5122047 -0.3051182 1 P 0
L 0.5122047 -0.3051182 0.5122047 -0.246063 1 P 0
L 0.5309212 0.4232283 0.5309212 0.4822835 1 P 0
L 0.5309212 0.4232283 0.5604488 0.4232283 1 P 0
L 0.5309212 0.4822835 0.5604488 0.4822835 1 P 0
L 0.5604488 0.4232283 0.5604488 0.4822835 1 P 0
L 0.570866 -0.1968504 0.570866 0.03937 1 P 0
L 0.5801338 0.4232283 0.5801338 0.4822835 0 P 0
L 0.5801338 0.4232283 0.6096614 0.4232283 0 P 0
L 0.5801338 0.4822835 0.6096614 0.4822835 0 P 0
L 0.6096614 0.4232283 0.6096614 0.4822835 0 P 0
L 0.6299211 0.2362204 0.6299211 0.3937008 1 P 0
L 0.6348425 0.2559055 0.6348425 0.3149607 1 P 0
L 0.6348425 0.2559055 0.6643701 0.2559055 1 P 0
L 0.6348425 0.3149607 0.6643701 0.3149607 1 P 0
L 0.6643701 0.2559055 0.6643701 0.3149607 1 P 0
L 0.7480315 0.5511811 0.7480315 0.7874016 1 P 0
L 1.5669291 -0.1555118 1.5669291 0.5531496 1 P 0
L 1.5669291 -0.1555118 1.7244095 -0.1555118 1 P 0
L 1.5669291 0.5531496 1.7244095 0.5531496 1 P 0
L 1.5915354 -0.2066929 1.621063 -0.2066929 1 P 0
L 1.5915354 -0.2657481 1.5915354 -0.2066929 1 P 0
L 1.5915354 -0.2657481 1.621063 -0.2657481 1 P 0
L 1.621063 -0.2657481 1.621063 -0.2066929 1 P 0
L 1.6702756 -0.2066929 1.6998032 -0.2066929 0 P 0
L 1.6702756 -0.2657481 1.6702756 -0.2066929 0 P 0
L 1.6702756 -0.2657481 1.6998032 -0.2657481 0 P 0
L 1.6998032 -0.2657481 1.6998032 -0.2066929 0 P 0
L 1.7244095 -0.1555118 1.7244095 0.5531496 1 P 0
