#Layer_Color=9474304
#
#Feature symbol names
#
$0 r5

#
#Feature attribute names
#

#
#Layer features
#
L -0.003937 -0.0295276 0.003937 -0.0295276 0 P 0
L -0.003937 0.0590551 0.003937 0.0590551 0 P 0
L -0.0246063 2.5551181 -0.0246063 2.5629921 0 P 0
L -0.0285433 2.5590551 -0.0206693 2.5590551 0 P 0
L -0.0314961 0.0551181 -0.0314961 0.0629921 0 P 0
L -0.0354331 0.0590551 -0.0275591 0.0590551 0 P 0
L -0.1127164 1.3486222 -0.1127164 1.3564962 0 P 0
L -0.1127164 1.742323 -0.1127164 1.750197 0 P 0
L -0.1127164 2.1360238 -0.1127164 2.1438978 0 P 0
L -0.1127164 2.5297246 -0.1127164 2.5375986 0 P 0
L -0.1166534 1.3525592 -0.1087794 1.3525592 0 P 0
L -0.1166534 1.74626 -0.1087794 1.74626 0 P 0
L -0.1166534 2.1399608 -0.1087794 2.1399608 0 P 0
L -0.1166534 2.5336616 -0.1087794 2.5336616 0 P 0
L -0.2111416 1.1517718 -0.2111416 1.1596458 0 P 0
L -0.2111416 1.5454726 -0.2111416 1.5533466 0 P 0
L -0.2111416 1.9391734 -0.2111416 1.9470474 0 P 0
L -0.2111416 2.3328742 -0.2111416 2.3407482 0 P 0
L -0.2150786 1.1557088 -0.2072046 1.1557088 0 P 0
L -0.2150786 1.5494096 -0.2072046 1.5494096 0 P 0
L -0.2150786 1.9431104 -0.2072046 1.9431104 0 P 0
L -0.2150786 2.3368112 -0.2072046 2.3368112 0 P 0
L -0.3095668 1.3486222 -0.3095668 1.3564962 0 P 0
L -0.3095668 1.742323 -0.3095668 1.750197 0 P 0
L -0.3095668 2.1360238 -0.3095668 2.1438978 0 P 0
L -0.3135038 1.3525592 -0.3056298 1.3525592 0 P 0
L -0.3135038 1.74626 -0.3056298 1.74626 0 P 0
L -0.3135038 2.1399608 -0.3056298 2.1399608 0 P 0
L -0.3740157 1.1614173 -0.3740157 1.2795275 0 P 0
L -0.3740157 2.5 -0.3740157 2.6181102 0 P 0
L -0.407992 1.5454726 -0.407992 1.5533466 0 P 0
L -0.407992 1.9391734 -0.407992 1.9470474 0 P 0
L -0.407992 2.3328742 -0.407992 2.3407482 0 P 0
L -0.411929 1.5494096 -0.404055 1.5494096 0 P 0
L -0.411929 1.9431104 -0.404055 1.9431104 0 P 0
L -0.411929 2.3368112 -0.404055 2.3368112 0 P 0
L -0.4330708 1.2204724 -0.3149606 1.2204724 0 P 0
L -0.4330708 2.5590551 -0.3149606 2.5590551 0 P 0
L 0 -0.0334646 0 -0.0255906 0 P 0
L 0 0.0551181 0 0.0629921 0 P 0
L 0.016496 0.1259842 0.02437 0.1259842 0 P 0
L 0.020433 0.1220472 0.020433 0.1299212 0 P 0
L 0.0206693 2.5590551 0.0285433 2.5590551 0 P 0
L 0.0246063 2.5551181 0.0246063 2.5629921 0 P 0
L 0.0275591 0.0590551 0.0354331 0.0590551 0 P 0
L 0.0314961 0.0551181 0.0314961 0.0629921 0 P 0
L 0.0698819 2.5590551 0.0777559 2.5590551 0 P 0
L 0.0738189 2.5551181 0.0738189 2.5629921 0 P 0
L 0.080197 1.3525592 0.088071 1.3525592 0 P 0
L 0.080197 1.74626 0.088071 1.74626 0 P 0
L 0.080197 2.1399608 0.088071 2.1399608 0 P 0
L 0.084134 1.3486222 0.084134 1.3564962 0 P 0
L 0.084134 1.742323 0.084134 1.750197 0 P 0
L 0.084134 2.1360238 0.084134 2.1438978 0 P 0
L 0.1786222 1.1557088 0.1864962 1.1557088 0 P 0
L 0.1786222 1.5494096 0.1864962 1.5494096 0 P 0
L 0.1786222 1.9431104 0.1864962 1.9431104 0 P 0
L 0.1786222 2.3368112 0.1864962 2.3368112 0 P 0
L 0.1825592 1.1517718 0.1825592 1.1596458 0 P 0
L 0.1825592 1.5454726 0.1825592 1.5533466 0 P 0
L 0.1825592 1.9391734 0.1825592 1.9470474 0 P 0
L 0.1825592 2.3328742 0.1825592 2.3407482 0 P 0
L 0.2770474 1.3525592 0.2849214 1.3525592 0 P 0
L 0.2770474 1.74626 0.2849214 1.74626 0 P 0
L 0.2770474 2.1399608 0.2849214 2.1399608 0 P 0
L 0.2809844 1.3486222 0.2809844 1.3564962 0 P 0
L 0.2809844 1.742323 0.2809844 1.750197 0 P 0
L 0.2809844 2.1360238 0.2809844 2.1438978 0 P 0
L 0.3149606 1.2204724 0.4330708 1.2204724 0 P 0
L 0.3149607 2.5590551 0.4330709 2.5590551 0 P 0
L 0.3740157 1.1614173 0.3740157 1.2795275 0 P 0
L 0.3740158 2.5 0.3740158 2.6181102 0 P 0
L 0.3754726 1.5494096 0.3833466 1.5494096 0 P 0
L 0.3754726 1.9431104 0.3833466 1.9431104 0 P 0
L 0.3754726 2.3368112 0.3833466 2.3368112 0 P 0
L 0.3794096 1.5454726 0.3794096 1.5533466 0 P 0
L 0.3794096 1.9391734 0.3794096 1.9470474 0 P 0
L 0.3794096 2.3328742 0.3794096 2.3407482 0 P 0
