#Layer_Color=32768
#
#Feature symbol names
#
$0 r1.9685
$1 r0.7874

#
#Feature attribute names
#

#
#Layer features
#
L 0.472811 0.2552756 0.472811 0.3352756 0 P 0
L 0.472811 0.2552756 0.550811 0.2552756 0 P 0
L 0.472811 0.3352756 0.550811 0.3352756 0 P 0
L 0.550811 0.2552756 0.550811 0.3352756 0 P 0
L 0.7972441 0.204882 0.7972441 0.2363781 1 P 0
L 0.7972441 0.2051339 0.8562993 0.2051339 1 P 0
L 0.7972441 0.205134 0.8562993 0.205134 1 P 0
L 0.7972441 0.2053858 0.7972441 0.2368819 1 P 0
L 0.7972441 0.2366299 0.8562993 0.2366299 1 P 0
L 0.7972441 0.23663 0.8562993 0.23663 1 P 0
L 0.7972441 0.2540946 0.7972441 0.2855907 1 P 0
L 0.7972441 0.2543465 0.8562993 0.2543465 1 P 0
L 0.7972441 0.2543466 0.8562993 0.2543466 1 P 0
L 0.7972441 0.2545984 0.7972441 0.2860945 1 P 0
L 0.7972441 0.2858425 0.8562993 0.2858425 1 P 0
L 0.7972441 0.2858426 0.8562993 0.2858426 1 P 0
L 0.7972441 0.3033072 0.7972441 0.3348033 1 P 0
L 0.7972441 0.3035591 0.8562993 0.3035591 1 P 0
L 0.7972441 0.3035592 0.8562993 0.3035592 1 P 0
L 0.7972441 0.303811 0.7972441 0.3353071 1 P 0
L 0.7972441 0.3350551 0.8562993 0.3350551 1 P 0
L 0.7972441 0.3350552 0.8562993 0.3350552 1 P 0
L 0.7972441 0.4019843 0.8562993 0.4019843 1 P 0
L 0.7972441 0.4022362 0.7972441 0.4337323 1 P 0
L 0.7972441 0.4334803 0.8562993 0.4334803 1 P 0
L 0.8562993 0.204882 0.8562993 0.2363781 1 P 0
L 0.8562993 0.2053858 0.8562993 0.2368819 1 P 0
L 0.8562993 0.2540946 0.8562993 0.2855907 1 P 0
L 0.8562993 0.2545984 0.8562993 0.2860945 1 P 0
L 0.8562993 0.3033072 0.8562993 0.3348033 1 P 0
L 0.8562993 0.303811 0.8562993 0.3353071 1 P 0
L 0.8562993 0.4022362 0.8562993 0.4337323 1 P 0
L 0.8806927 0.0252756 0.8806927 0.5642756 0 P 0
L 0.8806927 0.0252756 1.1206927 0.0252756 0 P 0
L 0.8806927 0.5642756 1.1206927 0.5642756 0 P 0
L 1.1206927 0.0252756 1.1206927 0.5642756 0 P 0
