UNITS=MM
#Layer_Color=16711935
#
#Feature symbol names
#
$0 r99.9998
$1 r19.99996
$2 r9.99998

#
#Feature attribute names
#

#
#Layer features
#
A -6.9999987 87.99999926 -6.9999987 87.99999926 -7.99999924 87.99999926 0 P 0 N
A -10.00000032 87.99999926 -10.00000032 87.99999926 -11.00000086 87.99999926 0 P 0 N
A -12.9999994 87.99999926 -12.9999994 87.99999926 -13.99999994 87.99999926 0 P 0 N
A -15.99999848 87.99999926 -15.99999848 87.99999926 -16.99999902 87.99999926 0 P 0 N
A -21.99999918 105.00000082 -21.99999918 105.00000082 -22.99999972 105.00000082 0 P 0 N
A -24.99999826 96.99999904 -24.99999826 96.99999904 -25.9999988 96.99999904 0 P 0 N
A -34.67999922 96.99999904 -34.67999922 96.99999904 -35.67999976 96.99999904 0 P 0 N
A -48.99999852 100.00000066 -48.99999852 100.00000066 -49.99999906 100.00000066 0 P 0 N
A 3.00000162 104.00000028 3.00000162 104.00000028 2.00000108 104.00000028 0 P 0 N
A 6.0000007 104.00000028 6.0000007 104.00000028 5.00000016 104.00000028 0 P 0 N
A 8.00000178 97.99999958 8.00000178 97.99999958 7.00000124 97.99999958 0 P 0 N
A 12.9999994 97.99999958 12.9999994 97.99999958 11.99999886 97.99999958 0 P 0 N
A 18.29820064 102.99999974 18.29820064 102.99999974 17.2982001 102.99999974 0 P 0 N
A 26.00000134 80.00000002 26.00000134 80.00000002 25.0000008 80.00000002 0 P 0 N
A 26.00000134 85.00000018 26.00000134 85.00000018 25.0000008 85.00000018 0 P 0 N
A 26.99999934 110.00000098 26.99999934 110.00000098 25.9999988 110.00000098 0 P 0 N
A 41.99999982 100.00000066 41.99999982 100.00000066 40.99999928 100.00000066 0 P 0 N
A 41.99999982 104.00000028 41.99999982 104.00000028 40.99999928 104.00000028 0 P 0 N
A 46.99999998 101.9999992 46.99999998 101.9999992 45.99999944 101.9999992 0 P 0 N
A 53.00000068 87.99999926 53.00000068 87.99999926 52.00000014 87.99999926 0 P 0 N
A 53.00000068 91.00000088 53.00000068 91.00000088 52.00000014 91.00000088 0 P 0 N
A 53.00000068 93.99999996 53.00000068 93.99999996 52.00000014 93.99999996 0 P 0 N
A 53.00000068 101.9999992 53.00000068 101.9999992 52.00000014 101.9999992 0 P 0 N
L -0.2499995 0 0.2499995 0 2 P 0
L -0.2499995 57.00000284 0.2499995 57.00000284 2 P 0
L -0.2499995 58.99999884 0.2499995 58.99999884 1 P 0
L -0.2499995 62.99999846 0.2499995 62.99999846 2 P 0
L -0.75000104 56.62500232 -0.75000104 57.37500336 2 P 0
L -0.75000104 56.62500232 0.75000104 56.62500232 2 P 0
L -0.75000104 57.37500336 0.75000104 57.37500336 2 P 0
L -0.75000104 58.62499832 -0.75000104 59.37499936 1 P 0
L -0.75000104 58.62499832 0.75000104 58.62499832 1 P 0
L -0.75000104 59.37499936 0.75000104 59.37499936 1 P 0
L -0.75000104 62.62499794 -0.75000104 63.37499898 2 P 0
L -0.75000104 62.62499794 0.75000104 62.62499794 2 P 0
L -0.75000104 63.37499898 0.75000104 63.37499898 2 P 0
L -1.49999954 -1.49999954 -1.49999954 1.49999954 2 P 0
L -1.49999954 -1.49999954 1.49999954 -1.49999954 2 P 0
L -1.49999954 1.49999954 1.49999954 1.49999954 2 P 0
L -2.24999804 -0.62500002 -2.24999804 0.12500102 1 P 0
L -2.99999908 -0.499999 -2.99999908 0 1 P 0
L -3.24999858 -0.2499995 -2.74999958 -0.2499995 1 P 0
L -3.75000012 -0.62500002 -2.24999804 -0.62500002 1 P 0
L -3.75000012 -0.62500002 -3.75000012 0.12500102 1 P 0
L -3.75000012 0.12500102 -2.24999804 0.12500102 1 P 0
L -4.99999762 91.00000088 -4.99999762 97.00000158 2 P 0
L -6.2500002 8.67499916 -6.2500002 9.4250002 2 P 0
L -6.2500002 10.57500044 -6.2500002 11.32500148 2 P 0
L -7.00000124 8.80000018 -7.00000124 9.29999918 2 P 0
L -7.00000124 10.70000146 -7.00000124 11.20000046 2 P 0
L -7.2499982 106.50000036 -7.2499982 107.2500014 1 P 0
L -7.2499982 107.62499684 -7.2499982 108.37499788 2 P 0
L -7.2499982 108.7499984 -7.2499982 109.49999944 1 P 0
L -7.25000074 9.04999968 -6.75000174 9.04999968 2 P 0
L -7.25000074 10.95000096 -6.75000174 10.95000096 2 P 0
L -7.75000228 8.67499916 -6.2500002 8.67499916 2 P 0
L -7.75000228 8.67499916 -7.75000228 9.4250002 2 P 0
L -7.75000228 9.4250002 -6.2500002 9.4250002 2 P 0
L -7.75000228 10.57500044 -6.2500002 10.57500044 2 P 0
L -7.75000228 10.57500044 -7.75000228 11.32500148 2 P 0
L -7.75000228 11.32500148 -6.2500002 11.32500148 2 P 0
L -7.99999924 106.62500138 -7.99999924 107.12500038 1 P 0
L -7.99999924 107.74999786 -7.99999924 108.24999686 2 P 0
L -7.99999924 108.87499942 -7.99999924 109.37499842 1 P 0
L -8.24999874 106.87500088 -7.74999974 106.87500088 1 P 0
L -8.24999874 107.99999736 -7.74999974 107.99999736 2 P 0
L -8.24999874 109.12499892 -7.74999974 109.12499892 1 P 0
L -8.50000078 8.50000078 -8.50000078 11.49999986 2 P 0
L -8.75000028 106.50000036 -7.2499982 106.50000036 1 P 0
L -8.75000028 106.50000036 -8.75000028 107.2500014 1 P 0
L -8.75000028 107.2500014 -7.2499982 107.2500014 1 P 0
L -8.75000028 107.62499684 -7.2499982 107.62499684 2 P 0
L -8.75000028 107.62499684 -8.75000028 108.37499788 2 P 0
L -8.75000028 108.37499788 -7.2499982 108.37499788 2 P 0
L -8.75000028 108.7499984 -7.2499982 108.7499984 1 P 0
L -8.75000028 108.7499984 -8.75000028 109.49999944 1 P 0
L -8.75000028 109.49999944 -7.2499982 109.49999944 1 P 0
L -9.8749993 115.2499981 -9.8749993 116.75000018 1 P 0
L -10.00000032 9.75000082 -10.00000032 10.24999982 2 P 0
L -10.10000012 106.25000086 -10.10000012 109.74999894 2 P 0
L -10.24999982 10.00000032 -9.75000082 10.00000032 2 P 0
L -10.24999982 115.74999964 -10.24999982 116.24999864 1 P 0
L -10.49999932 115.99999914 -10.00000032 115.99999914 1 P 0
L -10.62500034 115.2499981 -9.8749993 115.2499981 1 P 0
L -10.62500034 115.2499981 -10.62500034 116.75000018 1 P 0
L -10.62500034 116.75000018 -9.8749993 116.75000018 1 P 0
L -10.87499984 115.2499981 -10.87499984 116.75000018 1 P 0
L -11.25000036 115.74999964 -11.25000036 116.24999864 1 P 0
L -11.49999986 8.50000078 -8.50000078 8.50000078 2 P 0
L -11.49999986 8.50000078 -11.49999986 11.49999986 2 P 0
L -11.49999986 11.49999986 -8.50000078 11.49999986 2 P 0
L -11.49999986 115.99999914 -11.00000086 115.99999914 1 P 0
L -11.62500088 115.2499981 -10.87499984 115.2499981 1 P 0
L -11.62500088 115.2499981 -11.62500088 116.75000018 1 P 0
L -11.62500088 116.75000018 -10.87499984 116.75000018 1 P 0
L -11.99999886 94.750001 -11.99999886 95.25 2 P 0
L -11.99999886 107.7500004 -11.99999886 108.2499994 2 P 0
L -12.24999836 10.57500044 -12.24999836 11.32500148 1 P 0
L -12.24999836 95.0000005 -11.74999936 95.0000005 2 P 0
L -12.24999836 107.9999999 -11.74999936 107.9999999 2 P 0
L -12.37499938 115.2499981 -12.37499938 116.75000018 1 P 0
L -12.7499999 115.74999964 -12.7499999 116.24999864 1 P 0
L -12.9999994 10.70000146 -12.9999994 11.20000046 1 P 0
L -12.9999994 115.99999914 -12.5000004 115.99999914 1 P 0
L -13.12500042 115.2499981 -12.37499938 115.2499981 1 P 0
L -13.12500042 115.2499981 -13.12500042 116.75000018 1 P 0
L -13.12500042 116.75000018 -12.37499938 116.75000018 1 P 0
L -13.2499989 10.95000096 -12.7499999 10.95000096 1 P 0
L -13.37499992 115.2499981 -13.37499992 116.75000018 1 P 0
L -13.75000044 10.57500044 -12.24999836 10.57500044 1 P 0
L -13.75000044 10.57500044 -13.75000044 11.32500148 1 P 0
L -13.75000044 11.32500148 -12.24999836 11.32500148 1 P 0
L -13.75000044 115.74999964 -13.75000044 116.24999864 1 P 0
L -13.8999976 106.25000086 -10.10000012 106.25000086 2 P 0
L -13.8999976 106.25000086 -13.8999976 109.74999894 2 P 0
L -13.8999976 109.74999894 -10.10000012 109.74999894 2 P 0
L -13.99999994 115.99999914 -13.50000094 115.99999914 1 P 0
L -14.12500096 115.2499981 -13.37499992 115.2499981 1 P 0
L -14.12500096 115.2499981 -14.12500096 116.75000018 1 P 0
L -14.12500096 116.75000018 -13.37499992 116.75000018 1 P 0
L -19.0000001 91.00000088 -4.99999762 91.00000088 2 P 0
L -19.0000001 91.00000088 -19.0000001 97.00000158 2 P 0
L -19.0000001 97.00000158 -4.99999762 97.00000158 2 P 0
L -19.2499996 56.62500232 -19.2499996 57.37500336 2 P 0
L -19.2499996 58.62499832 -19.2499996 59.37499936 1 P 0
L -19.2499996 62.62500048 -19.2499996 63.37500152 2 P 0
L -20.00000064 56.75000334 -20.00000064 57.25000234 2 P 0
L -20.00000064 58.74999934 -20.00000064 59.24999834 1 P 0
L -20.00000064 62.7500015 -20.00000064 63.2500005 2 P 0
L -20.25000014 57.00000284 -19.75000114 57.00000284 2 P 0
L -20.25000014 58.99999884 -19.75000114 58.99999884 1 P 0
L -20.25000014 63.000001 -19.75000114 63.000001 2 P 0
L -20.75000168 56.62500232 -19.2499996 56.62500232 2 P 0
L -20.75000168 56.62500232 -20.75000168 57.37500336 2 P 0
L -20.75000168 57.37500336 -19.2499996 57.37500336 2 P 0
L -20.75000168 58.62499832 -19.2499996 58.62499832 1 P 0
L -20.75000168 58.62499832 -20.75000168 59.37499936 1 P 0
L -20.75000168 59.37499936 -19.2499996 59.37499936 1 P 0
L -20.75000168 62.62500048 -19.2499996 62.62500048 2 P 0
L -20.75000168 62.62500048 -20.75000168 63.37500152 2 P 0
L -20.75000168 63.37500152 -19.2499996 63.37500152 2 P 0
L 0 -0.2499995 0 0.2499995 2 P 0
L 0 56.75000334 0 57.25000234 2 P 0
L 0 58.74999934 0 59.24999834 1 P 0
L 0 62.74999896 0 63.24999796 2 P 0
L 0.75000104 56.62500232 0.75000104 57.37500336 2 P 0
L 0.75000104 58.62499832 0.75000104 59.37499936 1 P 0
L 0.75000104 62.62499794 0.75000104 63.37499898 2 P 0
L 1.49999954 -1.49999954 1.49999954 1.49999954 2 P 0
L 2.24999804 -0.62500002 2.24999804 0.12500102 2 P 0
L 2.24999804 -0.62500002 3.75000012 -0.62500002 2 P 0
L 2.24999804 0.12500102 3.75000012 0.12500102 2 P 0
L 2.24999804 0.37500052 2.24999804 1.12500156 2 P 0
L 2.24999804 0.37500052 3.75000012 0.37500052 2 P 0
L 2.24999804 1.12500156 3.75000012 1.12500156 2 P 0
L 2.74999958 -0.2499995 3.24999858 -0.2499995 2 P 0
L 2.74999958 0.75000104 3.24999858 0.75000104 2 P 0
L 2.99999908 -0.499999 2.99999908 0 2 P 0
L 2.99999908 0.50000154 2.99999908 1.00000054 2 P 0
L 3.75000012 -0.62500002 3.75000012 0.12500102 2 P 0
L 3.75000012 0.37500052 3.75000012 1.12500156 2 P 0
L 6.2500002 10.25000236 6.2500002 11.0000034 2 P 0
L 6.2500002 10.25000236 7.75000228 10.25000236 2 P 0
L 6.2500002 11.0000034 7.75000228 11.0000034 2 P 0
L 6.2500002 11.5000024 6.2500002 12.25000344 2 P 0
L 6.2500002 11.5000024 7.75000228 11.5000024 2 P 0
L 6.2500002 12.25000344 7.75000228 12.25000344 2 P 0
L 6.75000174 10.62500288 7.25000074 10.62500288 2 P 0
L 6.75000174 11.87500292 7.25000074 11.87500292 2 P 0
L 7.00000124 10.37500338 7.00000124 10.87500238 2 P 0
L 7.00000124 11.62500342 7.00000124 12.12500242 2 P 0
L 7.75000228 10.25000236 7.75000228 11.0000034 2 P 0
L 7.75000228 11.5000024 7.75000228 12.25000344 2 P 0
L 8.42520032 7.43460032 8.42520032 12.56540032 2 P 0
L 8.42520032 7.43460032 11.57480032 7.43460032 2 P 0
L 8.42520032 12.56540032 11.57480032 12.56540032 2 P 0
L 9.75000082 10.00000032 10.24999982 10.00000032 2 P 0
L 10.00000032 9.75000082 10.00000032 10.24999982 2 P 0
L 11.57480032 7.43460032 11.57480032 12.56540032 2 P 0
L 12.24999836 7.74999974 12.24999836 8.50000078 1 P 0
L 12.24999836 7.74999974 13.75000044 7.74999974 1 P 0
L 12.24999836 8.50000078 13.75000044 8.50000078 1 P 0
L 12.24999836 10.24999982 12.24999836 11.00000086 1 P 0
L 12.24999836 10.24999982 13.75000044 10.24999982 1 P 0
L 12.24999836 11.00000086 13.75000044 11.00000086 1 P 0
L 12.7499999 8.12500026 13.2499989 8.12500026 1 P 0
L 12.7499999 10.62500034 13.2499989 10.62500034 1 P 0
L 12.9999994 7.87500076 12.9999994 8.37499976 1 P 0
L 12.9999994 10.37500084 12.9999994 10.87499984 1 P 0
L 13.75000044 7.74999974 13.75000044 8.50000078 1 P 0
L 13.75000044 10.24999982 13.75000044 11.00000086 1 P 0
L 19.2499996 56.62500232 19.2499996 57.37500336 2 P 0
L 19.2499996 56.62500232 20.75000168 56.62500232 2 P 0
L 19.2499996 57.37500336 20.75000168 57.37500336 2 P 0
L 19.2499996 58.62499832 19.2499996 59.37499936 1 P 0
L 19.2499996 58.62499832 20.75000168 58.62499832 1 P 0
L 19.2499996 59.37499936 20.75000168 59.37499936 1 P 0
L 19.2499996 62.62500048 19.2499996 63.37500152 2 P 0
L 19.2499996 62.62500048 20.75000168 62.62500048 2 P 0
L 19.2499996 63.37500152 20.75000168 63.37500152 2 P 0
L 19.75000114 57.00000284 20.25000014 57.00000284 2 P 0
L 19.75000114 58.99999884 20.25000014 58.99999884 1 P 0
L 19.75000114 63.000001 20.25000014 63.000001 2 P 0
L 20.00000064 56.75000334 20.00000064 57.25000234 2 P 0
L 20.00000064 58.74999934 20.00000064 59.24999834 1 P 0
L 20.00000064 62.7500015 20.00000064 63.2500005 2 P 0
L 20.75000168 56.62500232 20.75000168 57.37500336 2 P 0
L 20.75000168 58.62499832 20.75000168 59.37499936 1 P 0
L 20.75000168 62.62500048 20.75000168 63.37500152 2 P 0
L 32.98199906 47.7749997 32.98199906 50.8229997 2 P 0
L 32.98199906 47.7749997 33.48999906 47.7749997 2 P 0
L 32.98199906 50.8229997 33.48999906 50.8229997 2 P 0
L 33.48999906 44.0000009 33.48999906 47.7749997 2 P 0
L 33.48999906 50.8229997 33.48999906 70.4999987 2 P 0
L 33.48999906 70.4999987 40.47499906 70.4999987 2 P 0
L 33.49999904 44.0000009 54.50000022 44.0000009 2 P 0
L 40.47499906 70.4999987 40.47499906 71.2349985 2 P 0
L 40.47499906 71.2349985 50.59999786 71.2349985 2 P 0
L 40.73499854 73.24999828 40.73499854 74.75000036 1 P 0
L 40.73499854 73.24999828 41.48499958 73.24999828 1 P 0
L 40.73499854 74.75000036 41.48499958 74.75000036 1 P 0
L 40.85999956 73.99999932 41.35999856 73.99999932 1 P 0
L 41.10999906 73.74999982 41.10999906 74.24999882 1 P 0
L 41.48499958 73.24999828 41.48499958 74.75000036 1 P 0
L 42.00499854 73.24999828 42.00499854 74.75000036 1 P 0
L 42.00499854 73.24999828 42.75499958 73.24999828 1 P 0
L 42.00499854 74.75000036 42.75499958 74.75000036 1 P 0
L 42.12999956 73.99999932 42.62999856 73.99999932 1 P 0
L 42.37999906 73.74999982 42.37999906 74.24999882 1 P 0
L 42.75499958 73.24999828 42.75499958 74.75000036 1 P 0
L 43.27499854 73.24999828 43.27499854 74.75000036 1 P 0
L 43.27499854 73.24999828 44.02499958 73.24999828 1 P 0
L 43.27499854 74.75000036 44.02499958 74.75000036 1 P 0
L 43.39999956 73.99999932 43.89999856 73.99999932 1 P 0
L 43.64999906 73.74999982 43.64999906 74.24999882 1 P 0
L 44.02499958 73.24999828 44.02499958 74.75000036 1 P 0
L 45.81499854 73.24999828 45.81499854 74.75000036 1 P 0
L 45.81499854 73.24999828 46.56499958 73.24999828 1 P 0
L 45.81499854 74.75000036 46.56499958 74.75000036 1 P 0
L 45.93999956 73.99999932 46.43999856 73.99999932 1 P 0
L 46.18999906 73.74999982 46.18999906 74.24999882 1 P 0
L 46.56499958 73.24999828 46.56499958 74.75000036 1 P 0
L 47.08499854 73.24999828 47.08499854 74.75000036 1 P 0
L 47.08499854 73.24999828 47.83499958 73.24999828 1 P 0
L 47.08499854 74.75000036 47.83499958 74.75000036 1 P 0
L 47.20999956 73.99999932 47.70999856 73.99999932 1 P 0
L 47.45999906 73.74999982 47.45999906 74.24999882 1 P 0
L 47.83499958 73.24999828 47.83499958 74.75000036 1 P 0
L 49.74999956 69.9999997 50.24999856 69.9999997 2 P 0
L 49.99999906 69.7500002 49.99999906 70.2499992 2 P 0
L 50.59999786 70.4999987 50.59999786 71.2349985 2 P 0
L 50.59999786 70.4999987 54.50000022 70.4999987 2 P 0
L 54.50000022 44.0000009 54.50000022 47.7749997 2 P 0
L 54.50000022 47.7749997 55.09999902 47.7749997 2 P 0
L 54.50000022 50.8229997 54.50000022 70.4999987 2 P 0
L 54.50000022 50.8229997 55.09999902 50.8229997 2 P 0
L 55.09999902 47.7749997 55.09999902 50.8229997 2 P 0
