UNITS=MM
#Layer_Color=32896
#
#Feature symbol names
#
$0 r19.99996
$1 r9.99998
$2 r49.9999
$3 r99.9998

#
#Feature attribute names
#

#
#Layer features
#
L -0.24999696 29.24999992 -0.24999696 30.750002 1 P 0
L -0.2499995 25.0000008 0.2499995 25.0000008 1 P 0
L -0.2499995 59.99999938 0.2499995 59.99999938 1 P 0
L -0.62499748 29.75000146 -0.62499748 30.25000046 1 P 0
L -0.87499698 30.00000096 -0.37499798 30.00000096 1 P 0
L -0.999998 29.24999992 -0.24999696 29.24999992 1 P 0
L -0.999998 29.24999992 -0.999998 30.750002 1 P 0
L -0.999998 30.750002 -0.24999696 30.750002 1 P 0
L -1.62499802 96.74999954 -1.62499802 98.25000162 1 P 0
L -1.99999854 97.25000108 -1.99999854 97.75000008 1 P 0
L -2.24999804 97.50000058 -1.74999904 97.50000058 1 P 0
L -2.37499906 96.74999954 -1.62499802 96.74999954 1 P 0
L -2.37499906 96.74999954 -2.37499906 98.25000162 1 P 0
L -2.37499906 98.25000162 -1.62499802 98.25000162 1 P 0
L -2.6250011 96.74999954 -2.6250011 98.25000162 0 P 0
L -3.00000162 31.0000015 -3.00000162 39.00000074 1 P 0
L -3.00000162 97.25000108 -3.00000162 97.75000008 0 P 0
L -3.25000112 97.50000058 -2.75000212 97.50000058 0 P 0
L -3.37500214 96.74999954 -2.6250011 96.74999954 0 P 0
L -3.37500214 96.74999954 -3.37500214 98.25000162 0 P 0
L -3.37500214 98.25000162 -2.6250011 98.25000162 0 P 0
L -5.5000017 98.49999858 -5.5000017 115.50000014 1 P 0
L -5.5000017 98.49999858 11.49999986 98.49999858 1 P 0
L -5.5000017 115.50000014 11.49999986 115.50000014 1 P 0
L -5.62499764 104.67999638 -5.62499764 106.17999846 1 P 0
L -5.62500018 102.8200001 -5.62500018 104.32000218 1 P 0
L -5.62500018 110.17999808 -5.62500018 111.68000016 0 P 0
L -5.99999816 105.17999792 -5.99999816 105.67999692 1 P 0
L -6.0000007 21.00000118 -6.0000007 27.00000188 1 P 0
L -6.0000007 21.00000118 6.0000007 21.00000118 1 P 0
L -6.0000007 27.00000188 6.0000007 27.00000188 1 P 0
L -6.0000007 103.32000164 -6.0000007 103.82000064 1 P 0
L -6.0000007 110.67999962 -6.0000007 111.17999862 0 P 0
L -6.24999766 105.42999742 -5.74999866 105.42999742 1 P 0
L -6.2500002 103.57000114 -5.7500012 103.57000114 1 P 0
L -6.2500002 110.92999912 -5.7500012 110.92999912 0 P 0
L -6.3000001 29.24999992 -6.3000001 30.750002 0 P 0
L -6.37499868 104.67999638 -5.62499764 104.67999638 1 P 0
L -6.37499868 104.67999638 -6.37499868 106.17999846 1 P 0
L -6.37499868 106.17999846 -5.62499764 106.17999846 1 P 0
L -6.37500122 102.8200001 -5.62500018 102.8200001 1 P 0
L -6.37500122 102.8200001 -6.37500122 104.32000218 1 P 0
L -6.37500122 104.32000218 -5.62500018 104.32000218 1 P 0
L -6.37500122 110.17999808 -5.62500018 110.17999808 0 P 0
L -6.37500122 110.17999808 -6.37500122 111.68000016 0 P 0
L -6.37500122 111.68000016 -5.62500018 111.68000016 0 P 0
L -6.67500062 29.75000146 -6.67500062 30.25000046 0 P 0
L -6.92500012 30.00000096 -6.42500112 30.00000096 0 P 0
L -6.9999987 111.50000052 -6.9999987 120.0000013 1 P 0
L -7.00000124 34.75000162 -7.00000124 35.25000062 1 P 0
L -7.05000114 29.24999992 -6.3000001 29.24999992 0 P 0
L -7.05000114 29.24999992 -7.05000114 30.750002 0 P 0
L -7.05000114 30.750002 -6.3000001 30.750002 0 P 0
L -7.25000074 35.00000112 -6.75000174 35.00000112 1 P 0
L -7.60000004 29.25000246 -7.60000004 30.75000454 1 P 0
L -7.62499872 101.66999986 -7.62499872 103.17000194 0 P 0
L -7.87999948 107.45399896 -7.87999948 108.95400104 0 P 0
L -7.97500056 29.750004 -7.97500056 30.250003 1 P 0
L -7.99999924 102.1700014 -7.99999924 102.6700004 0 P 0
L -8.22500006 30.0000035 -7.72500106 30.0000035 1 P 0
L -8.24999874 102.4200009 -7.74999974 102.4200009 0 P 0
L -8.25000128 39.25000024 -8.25000128 40.75000232 1 P 0
L -8.255 107.9540005 -8.255 108.4539995 0 P 0
L -8.35000108 29.25000246 -7.60000004 29.25000246 1 P 0
L -8.35000108 29.25000246 -8.35000108 30.75000454 1 P 0
L -8.35000108 30.75000454 -7.60000004 30.75000454 1 P 0
L -8.37499976 101.66999986 -7.62499872 101.66999986 0 P 0
L -8.37499976 101.66999986 -8.37499976 103.17000194 0 P 0
L -8.37499976 103.17000194 -7.62499872 103.17000194 0 P 0
L -8.44399886 98.4092012 -8.44399886 103.5908012 1 P 0
L -8.5049995 108.204 -8.0050005 108.204 0 P 0
L -8.6250018 39.75000178 -8.6250018 40.25000078 1 P 0
L -8.63000052 107.45399896 -7.87999948 107.45399896 0 P 0
L -8.63000052 107.45399896 -8.63000052 108.95400104 0 P 0
L -8.63000052 108.95400104 -7.87999948 108.95400104 0 P 0
L -8.64999794 104.84999858 -8.64999794 109.15000014 1 P 0
L -8.8750013 40.00000128 -8.3750023 40.00000128 1 P 0
L -8.89999744 29.24999992 -8.89999744 30.750002 1 P 0
L -8.99999978 45.50000044 -8.99999978 74.49999832 1 P 0
L -8.99999978 45.50000044 8.99999978 45.50000044 1 P 0
L -8.99999978 74.49999832 8.99999978 74.49999832 1 P 0
L -9.00000232 39.25000024 -8.25000128 39.25000024 1 P 0
L -9.00000232 39.25000024 -9.00000232 40.75000232 1 P 0
L -9.00000232 40.75000232 -8.25000128 40.75000232 1 P 0
L -9.27499796 29.75000146 -9.27499796 30.25000046 1 P 0
L -9.52499746 30.00000096 -9.02499846 30.00000096 1 P 0
L -9.64999848 29.24999992 -8.89999744 29.24999992 1 P 0
L -9.64999848 29.24999992 -9.64999848 30.750002 1 P 0
L -9.64999848 30.750002 -8.89999744 30.750002 1 P 0
L -10.19999992 29.24999992 -10.19999992 30.750002 1 P 0
L -10.20000246 39.2499977 -10.20000246 40.74999978 0 P 0
L -10.57500044 29.75000146 -10.57500044 30.25000046 1 P 0
L -10.57500298 39.74999924 -10.57500298 40.24999824 0 P 0
L -10.82499994 30.00000096 -10.32500094 30.00000096 1 P 0
L -10.82500248 39.99999874 -10.32500348 39.99999874 0 P 0
L -10.95000096 29.24999992 -10.19999992 29.24999992 1 P 0
L -10.95000096 29.24999992 -10.95000096 30.750002 1 P 0
L -10.95000096 30.750002 -10.19999992 30.750002 1 P 0
L -10.9500035 39.2499977 -10.20000246 39.2499977 0 P 0
L -10.9500035 39.2499977 -10.9500035 40.74999978 0 P 0
L -10.9500035 40.74999978 -10.20000246 40.74999978 0 P 0
L -11.00000086 31.0000015 -3.00000162 31.0000015 1 P 0
L -11.00000086 31.0000015 -11.00000086 39.00000074 1 P 0
L -11.00000086 39.00000074 -3.00000162 39.00000074 1 P 0
L -11.00000086 45.50000044 -11.00000086 74.49999832 1 P 0
L -11.99999886 100.7500017 -11.99999886 101.2500007 1 P 0
L -11.99999886 106.74999986 -11.99999886 107.24999886 1 P 0
L -11.99999886 117.75000072 -11.99999886 118.24999972 1 P 0
L -12.24999836 101.0000012 -11.74999936 101.0000012 1 P 0
L -12.24999836 106.99999936 -11.74999936 106.99999936 1 P 0
L -12.24999836 118.00000022 -11.74999936 118.00000022 1 P 0
L -15.34999978 104.84999858 -8.64999794 104.84999858 1 P 0
L -15.34999978 104.84999858 -15.34999978 109.15000014 1 P 0
L -15.34999978 109.15000014 -8.64999794 109.15000014 1 P 0
L -15.37299948 105.04099896 -15.37299948 106.54100104 0 P 0
L -15.55599886 98.4092012 -8.44399886 98.4092012 1 P 0
L -15.55599886 98.4092012 -15.55599886 103.5908012 1 P 0
L -15.55599886 103.5908012 -8.44399886 103.5908012 1 P 0
L -15.6250005 101.66999986 -15.6250005 103.17000194 1 P 0
L -15.748 105.5410005 -15.748 106.0409995 0 P 0
L -15.9979995 105.791 -15.4980005 105.791 0 P 0
L -16.00000102 102.1700014 -16.00000102 102.6700004 1 P 0
L -16.12300052 105.04099896 -15.37299948 105.04099896 0 P 0
L -16.12300052 105.04099896 -16.12300052 106.54100104 0 P 0
L -16.12300052 106.54100104 -15.37299948 106.54100104 0 P 0
L -16.25000052 102.4200009 -15.75000152 102.4200009 1 P 0
L -16.37500154 101.66999986 -15.6250005 101.66999986 1 P 0
L -16.37500154 101.66999986 -16.37500154 103.17000194 1 P 0
L -16.37500154 103.17000194 -15.6250005 103.17000194 1 P 0
L -16.99999902 111.50000052 -6.9999987 111.50000052 1 P 0
L -16.99999902 111.50000052 -16.99999902 120.0000013 1 P 0
L -16.99999902 120.0000013 -6.9999987 120.0000013 1 P 0
L -18.5000011 101.49999766 -18.5000011 104.49999674 1 P 0
L -18.5000011 109.4999969 -18.5000011 112.49999598 1 P 0
L -18.67499694 99.24999454 -18.67499694 100.74999662 1 P 0
L -18.67499694 107.24999378 -18.67499694 108.74999586 1 P 0
L -18.67499948 105.24999524 -18.67499948 106.74999732 0 P 0
L -19.04999746 99.74999608 -19.04999746 100.24999508 1 P 0
L -19.04999746 107.74999532 -19.04999746 108.24999432 1 P 0
L -19.05 105.74999678 -19.05 106.24999578 0 P 0
L -19.29999696 99.99999558 -18.79999796 99.99999558 1 P 0
L -19.29999696 107.99999482 -18.79999796 107.99999482 1 P 0
L -19.2999995 105.99999628 -18.8000005 105.99999628 0 P 0
L -19.42499798 99.24999454 -18.67499694 99.24999454 1 P 0
L -19.42499798 99.24999454 -19.42499798 100.74999662 1 P 0
L -19.42499798 100.74999662 -18.67499694 100.74999662 1 P 0
L -19.42499798 107.24999378 -18.67499694 107.24999378 1 P 0
L -19.42499798 107.24999378 -19.42499798 108.74999586 1 P 0
L -19.42499798 108.74999586 -18.67499694 108.74999586 1 P 0
L -19.42500052 105.24999524 -18.67499948 105.24999524 0 P 0
L -19.42500052 105.24999524 -19.42500052 106.74999732 0 P 0
L -19.42500052 106.74999732 -18.67499948 106.74999732 0 P 0
L -19.62499758 99.24999454 -19.62499758 100.74999662 1 P 0
L -19.62499758 113.24999448 -19.62499758 114.74999656 1 P 0
L -19.62500012 105.24999524 -19.62500012 106.74999732 1 P 0
L -19.62500012 107.24999632 -19.62500012 108.7499984 0 P 0
L -19.9999981 99.74999608 -19.9999981 100.24999508 1 P 0
L -19.9999981 113.74999602 -19.9999981 114.24999502 1 P 0
L -20.00000064 59.74999988 -20.00000064 60.24999888 1 P 0
L -20.00000064 102.7499977 -20.00000064 103.2499967 1 P 0
L -20.00000064 105.74999678 -20.00000064 106.24999578 1 P 0
L -20.00000064 107.74999786 -20.00000064 108.24999686 0 P 0
L -20.00000064 110.74999694 -20.00000064 111.24999594 1 P 0
L -20.2499976 99.99999558 -19.7499986 99.99999558 1 P 0
L -20.2499976 113.99999552 -19.7499986 113.99999552 1 P 0
L -20.25000014 59.99999938 -19.75000114 59.99999938 1 P 0
L -20.25000014 102.9999972 -19.75000114 102.9999972 1 P 0
L -20.25000014 105.99999628 -19.75000114 105.99999628 1 P 0
L -20.25000014 107.99999736 -19.75000114 107.99999736 0 P 0
L -20.25000014 110.99999644 -19.75000114 110.99999644 1 P 0
L -20.37499862 99.24999454 -19.62499758 99.24999454 1 P 0
L -20.37499862 99.24999454 -20.37499862 100.74999662 1 P 0
L -20.37499862 100.74999662 -19.62499758 100.74999662 1 P 0
L -20.37499862 113.24999448 -19.62499758 113.24999448 1 P 0
L -20.37499862 113.24999448 -20.37499862 114.74999656 1 P 0
L -20.37499862 114.74999656 -19.62499758 114.74999656 1 P 0
L -20.37500116 105.24999524 -19.62500012 105.24999524 1 P 0
L -20.37500116 105.24999524 -20.37500116 106.74999732 1 P 0
L -20.37500116 106.74999732 -19.62500012 106.74999732 1 P 0
L -20.37500116 107.24999632 -19.62500012 107.24999632 0 P 0
L -20.37500116 107.24999632 -20.37500116 108.7499984 0 P 0
L -20.37500116 108.7499984 -19.62500012 108.7499984 0 P 0
L -20.57499822 105.2499927 -20.57499822 106.74999478 1 P 0
L -20.57500076 99.24999454 -20.57500076 100.74999662 0 P 0
L -20.57500076 107.24999632 -20.57500076 108.7499984 0 P 0
L -20.57500076 113.24999448 -20.57500076 114.74999656 0 P 0
L -20.94999874 105.74999424 -20.94999874 106.24999324 1 P 0
L -20.95000128 99.74999608 -20.95000128 100.24999508 0 P 0
L -20.95000128 107.74999786 -20.95000128 108.24999686 0 P 0
L -20.95000128 113.74999602 -20.95000128 114.24999502 0 P 0
L -21.00000118 113.99999806 -21.00000118 119.99999876 1 P 0
L -21.19999824 105.99999374 -20.69999924 105.99999374 1 P 0
L -21.20000078 99.99999558 -20.70000178 99.99999558 0 P 0
L -21.20000078 107.99999736 -20.70000178 107.99999736 0 P 0
L -21.20000078 113.99999552 -20.70000178 113.99999552 0 P 0
L -21.32499926 105.2499927 -20.57499822 105.2499927 1 P 0
L -21.32499926 105.2499927 -21.32499926 106.74999478 1 P 0
L -21.32499926 106.74999478 -20.57499822 106.74999478 1 P 0
L -21.3250018 99.24999454 -20.57500076 99.24999454 0 P 0
L -21.3250018 99.24999454 -21.3250018 100.74999662 0 P 0
L -21.3250018 100.74999662 -20.57500076 100.74999662 0 P 0
L -21.3250018 107.24999632 -20.57500076 107.24999632 0 P 0
L -21.3250018 107.24999632 -21.3250018 108.7499984 0 P 0
L -21.3250018 108.7499984 -20.57500076 108.7499984 0 P 0
L -21.3250018 113.24999448 -20.57500076 113.24999448 0 P 0
L -21.3250018 113.24999448 -21.3250018 114.74999656 0 P 0
L -21.3250018 114.74999656 -20.57500076 114.74999656 0 P 0
L -21.50000018 101.49999766 -18.5000011 101.49999766 1 P 0
L -21.50000018 101.49999766 -21.50000018 104.49999674 1 P 0
L -21.50000018 104.49999674 -18.5000011 104.49999674 1 P 0
L -21.50000018 109.4999969 -18.5000011 109.4999969 1 P 0
L -21.50000018 109.4999969 -21.50000018 112.49999598 1 P 0
L -21.50000018 112.49999598 -18.5000011 112.49999598 1 P 0
L -22.00000426 100.99999612 -22.00000426 112.49999598 1 P 0
L -23.25000176 99.62500014 -23.25000176 100.37500118 0 P 0
L -24.0000028 99.75000116 -24.0000028 100.25000016 0 P 0
L -24.2500023 100.00000066 -23.7500033 100.00000066 0 P 0
L -24.75000384 99.62500014 -23.25000176 99.62500014 0 P 0
L -24.75000384 99.62500014 -24.75000384 100.37500118 0 P 0
L -24.75000384 100.37500118 -23.25000176 100.37500118 0 P 0
L -25.0000008 86.70000186 -25.0000008 87.30000066 2 P 0
L -25.3000002 87.00000126 -24.7000014 87.00000126 2 P 0
L -26.00000134 115.74999964 -26.00000134 116.24999864 1 P 0
L -26.25000084 99.37500064 -26.25000084 100.62500068 1 P 0
L -26.25000084 115.99999914 -25.75000184 115.99999914 1 P 0
L -27.50000088 99.75000116 -27.50000088 100.25000016 1 P 0
L -27.75000038 100.00000066 -27.25000138 100.00000066 1 P 0
L -28.75000092 99.37500064 -26.25000084 99.37500064 1 P 0
L -28.75000092 99.37500064 -28.75000092 100.62500068 1 P 0
L -28.75000092 100.62500068 -26.25000084 100.62500068 1 P 0
L -29.00000042 45.50000044 -11.00000086 45.50000044 1 P 0
L -29.00000042 45.50000044 -29.00000042 74.49999832 1 P 0
L -29.00000042 74.49999832 -11.00000086 74.49999832 1 P 0
L -30.0000035 100.99999612 -22.00000426 100.99999612 1 P 0
L -30.0000035 100.99999612 -30.0000035 112.49999598 1 P 0
L -30.0000035 112.49999598 -22.00000426 112.49999598 1 P 0
L -30.49999996 44.0000009 -30.49999996 50.0000016 1 P 0
L -30.62500098 99.49999404 -30.62500098 100.99999612 0 P 0
L -31.0000015 99.99999558 -31.0000015 100.49999458 0 P 0
L -31.0000015 113.99999806 -21.00000118 113.99999806 1 P 0
L -31.0000015 113.99999806 -31.0000015 119.99999876 1 P 0
L -31.0000015 119.99999876 -21.00000118 119.99999876 1 P 0
L -31.250001 100.24999508 -30.750002 100.24999508 0 P 0
L -31.37500202 99.49999404 -30.62500098 99.49999404 0 P 0
L -31.37500202 99.49999404 -31.37500202 100.99999612 0 P 0
L -31.37500202 100.99999612 -30.62500098 100.99999612 0 P 0
L -31.37500202 111.24999848 -31.37500202 113.74999856 1 P 0
L -31.62500406 107.74999786 -31.62500406 109.24999994 0 P 0
L -31.75 99.37499302 -31.75 100.12499406 1 P 0
L -31.75 100.37499356 -31.75 101.1249946 1 P 0
L -31.75 101.37499664 -31.75 102.12499768 1 P 0
L -32.00000204 102.4999982 -32.00000204 107.49999836 1 P 0
L -32.00000204 112.24999902 -32.00000204 112.74999802 1 P 0
L -32.00000458 108.2499994 -32.00000458 108.7499984 0 P 0
L -32.25000154 112.49999852 -31.75000254 112.49999852 1 P 0
L -32.25000408 108.4999989 -31.75000508 108.4999989 0 P 0
L -32.3750051 107.74999786 -31.62500406 107.74999786 0 P 0
L -32.3750051 107.74999786 -32.3750051 109.24999994 0 P 0
L -32.3750051 109.24999994 -31.62500406 109.24999994 0 P 0
L -32.50000104 99.49999404 -32.50000104 99.99999304 1 P 0
L -32.50000104 100.49999458 -32.50000104 100.99999358 1 P 0
L -32.50000104 101.49999766 -32.50000104 101.99999666 1 P 0
L -32.62499952 55.64999538 -32.62499952 57.14999746 1 P 0
L -32.62500206 111.24999848 -31.37500202 111.24999848 1 P 0
L -32.62500206 111.24999848 -32.62500206 113.74999856 1 P 0
L -32.62500206 113.74999856 -31.37500202 113.74999856 1 P 0
L -32.7200006 109.1499976 -32.7200006 114.84999636 1 P 0
L -32.75000054 99.74999354 -32.25000154 99.74999354 1 P 0
L -32.75000054 100.74999408 -32.25000154 100.74999408 1 P 0
L -32.75000054 101.74999716 -32.25000154 101.74999716 1 P 0
L -32.75000054 108.6869937 -32.75000054 109.43699474 1 P 0
L -33.00000004 56.14999692 -33.00000004 56.64999592 1 P 0
L -33.24999954 56.39999642 -32.75000054 56.39999642 1 P 0
L -33.25000208 99.37499302 -31.75 99.37499302 1 P 0
L -33.25000208 99.37499302 -33.25000208 100.12499406 1 P 0
L -33.25000208 100.12499406 -31.75 100.12499406 1 P 0
L -33.25000208 100.37499356 -31.75 100.37499356 1 P 0
L -33.25000208 100.37499356 -33.25000208 101.1249946 1 P 0
L -33.25000208 101.1249946 -31.75 101.1249946 1 P 0
L -33.25000208 101.37499664 -31.75 101.37499664 1 P 0
L -33.25000208 101.37499664 -33.25000208 102.12499768 1 P 0
L -33.25000208 102.12499768 -31.75 102.12499768 1 P 0
L -33.37500056 55.64999538 -32.62499952 55.64999538 1 P 0
L -33.37500056 55.64999538 -33.37500056 57.14999746 1 P 0
L -33.37500056 57.14999746 -32.62499952 57.14999746 1 P 0
L -33.49999904 53.49999968 -33.49999904 57.50000184 1 P 0
L -33.50000158 108.81199472 -33.50000158 109.31199372 1 P 0
L -33.75000108 109.06199422 -33.25000208 109.06199422 1 P 0
L -33.98540066 50.24999856 -33.98540066 51.75000064 0 P 0
L -34.12499906 58.149998 -34.12499906 59.65000008 0 P 0
L -34.25000008 99.37499302 -34.25000008 100.12499406 1 P 0
L -34.25000262 108.6869937 -32.75000054 108.6869937 1 P 0
L -34.25000262 108.6869937 -34.25000262 109.43699474 1 P 0
L -34.25000262 109.43699474 -32.75000054 109.43699474 1 P 0
L -34.36040118 50.7500001 -34.36040118 51.2499991 0 P 0
L -34.49999958 58.64999954 -34.49999958 59.14999854 0 P 0
L -34.61040068 50.9999996 -34.11040168 50.9999996 0 P 0
L -34.7354017 50.24999856 -33.98540066 50.24999856 0 P 0
L -34.7354017 50.24999856 -34.7354017 51.75000064 0 P 0
L -34.7354017 51.75000064 -33.98540066 51.75000064 0 P 0
L -34.74999908 58.89999904 -34.25000008 58.89999904 0 P 0
L -34.8750001 58.149998 -34.12499906 58.149998 0 P 0
L -34.8750001 58.149998 -34.8750001 59.65000008 0 P 0
L -34.8750001 59.65000008 -34.12499906 59.65000008 0 P 0
L -35.00000112 58.49999984 -35.00000112 64.499998 1 P 0
L -35.00000112 99.49999404 -35.00000112 99.99999304 1 P 0
L -35.00000112 104.74999878 -35.00000112 105.24999778 1 P 0
L -35.00000112 111.74999748 -35.00000112 112.24999648 1 P 0
L -35.21999814 65.2499965 -35.21999814 66.74999858 1 P 0
L -35.2354007 50.24999856 -35.2354007 51.75000064 1 P 0
L -35.25000062 99.74999354 -34.75000162 99.74999354 1 P 0
L -35.25000062 104.99999828 -34.75000162 104.99999828 1 P 0
L -35.25000062 111.99999698 -34.75000162 111.99999698 1 P 0
L -35.59499866 65.74999804 -35.59499866 66.24999704 1 P 0
L -35.61040122 50.7500001 -35.61040122 51.2499991 1 P 0
L -35.75000216 99.37499302 -34.25000008 99.37499302 1 P 0
L -35.75000216 99.37499302 -35.75000216 100.12499406 1 P 0
L -35.75000216 100.12499406 -34.25000008 100.12499406 1 P 0
L -35.75000216 108.6869937 -35.75000216 109.43699474 0 P 0
L -35.84499816 65.99999754 -35.34499916 65.99999754 1 P 0
L -35.86040072 50.9999996 -35.36040172 50.9999996 1 P 0
L -35.96999918 65.2499965 -35.21999814 65.2499965 1 P 0
L -35.96999918 65.2499965 -35.96999918 66.74999858 1 P 0
L -35.96999918 66.74999858 -35.21999814 66.74999858 1 P 0
L -35.98540174 50.24999856 -35.2354007 50.24999856 1 P 0
L -35.98540174 50.24999856 -35.98540174 51.75000064 1 P 0
L -35.98540174 51.75000064 -35.2354007 51.75000064 1 P 0
L -36.37500218 99.24999708 -36.37500218 101.74999716 1 P 0
L -36.49000068 65.2499965 -36.49000068 66.74999858 0 P 0
L -36.5000032 108.81199472 -36.5000032 109.31199372 0 P 0
L -36.7500027 109.06199422 -36.2500037 109.06199422 0 P 0
L -36.8650012 65.74999804 -36.8650012 66.24999704 0 P 0
L -37.0000022 100.24999762 -37.0000022 100.74999662 1 P 0
L -37.1150007 65.99999754 -36.6150017 65.99999754 0 P 0
L -37.24000172 65.2499965 -36.49000068 65.2499965 0 P 0
L -37.24000172 65.2499965 -37.24000172 66.74999858 0 P 0
L -37.24000172 66.74999858 -36.49000068 66.74999858 0 P 0
L -37.2500017 100.49999712 -36.7500027 100.49999712 1 P 0
L -37.25000424 108.6869937 -35.75000216 108.6869937 0 P 0
L -37.25000424 108.6869937 -37.25000424 109.43699474 0 P 0
L -37.25000424 109.43699474 -35.75000216 109.43699474 0 P 0
L -37.28000164 109.1499976 -32.7200006 109.1499976 1 P 0
L -37.28000164 109.1499976 -37.28000164 114.84999636 1 P 0
L -37.28000164 114.84999636 -32.7200006 114.84999636 1 P 0
L -37.37500272 111.24999848 -37.37500272 113.74999856 1 P 0
L -37.49999866 55.25000126 -37.49999866 55.75000026 1 P 0
L -37.5000012 47.75000102 -37.5000012 48.25000002 1 P 0
L -37.5000012 61.24999942 -37.5000012 61.74999842 1 P 0
L -37.62500222 99.24999708 -36.37500218 99.24999708 1 P 0
L -37.62500222 99.24999708 -37.62500222 101.74999716 1 P 0
L -37.62500222 101.74999716 -36.37500218 101.74999716 1 P 0
L -37.74999816 55.50000076 -37.24999916 55.50000076 1 P 0
L -37.7500007 48.00000052 -37.2500017 48.00000052 1 P 0
L -37.7500007 61.49999892 -37.2500017 61.49999892 1 P 0
L -37.76000068 65.24999904 -37.76000068 66.75000112 1 P 0
L -37.87500172 99.24999708 -37.87500172 101.74999716 1 P 0
L -38.0000002 102.4999982 -32.00000204 102.4999982 1 P 0
L -38.0000002 102.4999982 -38.0000002 107.49999836 1 P 0
L -38.0000002 107.49999836 -32.00000204 107.49999836 1 P 0
L -38.00000274 112.24999902 -38.00000274 112.74999802 1 P 0
L -38.1350012 65.75000058 -38.1350012 66.24999958 1 P 0
L -38.25000224 112.49999852 -37.75000324 112.49999852 1 P 0
L -38.3850007 66.00000008 -37.8850017 66.00000008 1 P 0
L -38.50000174 100.24999762 -38.50000174 100.74999662 1 P 0
L -38.51000172 65.24999904 -37.76000068 65.24999904 1 P 0
L -38.51000172 65.24999904 -38.51000172 66.75000112 1 P 0
L -38.51000172 66.75000112 -37.76000068 66.75000112 1 P 0
L -38.62500276 105.99999374 -38.62500276 107.49999582 0 P 0
L -38.62500276 107.74999786 -38.62500276 109.24999994 0 P 0
L -38.62500276 111.24999848 -37.37500272 111.24999848 1 P 0
L -38.62500276 111.24999848 -38.62500276 113.74999856 1 P 0
L -38.62500276 113.74999856 -37.37500272 113.74999856 1 P 0
L -38.75000124 100.49999712 -38.25000224 100.49999712 1 P 0
L -38.98540082 50.24999856 -38.98540082 51.75000064 1 P 0
L -39.00000328 106.49999528 -39.00000328 106.99999428 0 P 0
L -39.00000328 108.2499994 -39.00000328 108.7499984 0 P 0
L -39.12500176 99.24999708 -37.87500172 99.24999708 1 P 0
L -39.12500176 99.24999708 -39.12500176 101.74999716 1 P 0
L -39.12500176 101.74999716 -37.87500172 101.74999716 1 P 0
L -39.25000278 106.74999478 -38.75000378 106.74999478 0 P 0
L -39.25000278 108.4999989 -38.75000378 108.4999989 0 P 0
L -39.36040134 50.7500001 -39.36040134 51.2499991 1 P 0
L -39.37500126 99.24999708 -39.37500126 101.74999716 1 P 0
L -39.3750038 105.99999374 -38.62500276 105.99999374 0 P 0
L -39.3750038 105.99999374 -39.3750038 107.49999582 0 P 0
L -39.3750038 107.49999582 -38.62500276 107.49999582 0 P 0
L -39.3750038 107.74999786 -38.62500276 107.74999786 0 P 0
L -39.3750038 107.74999786 -39.3750038 109.24999994 0 P 0
L -39.3750038 109.24999994 -38.62500276 109.24999994 0 P 0
L -39.61040084 50.9999996 -39.11040184 50.9999996 1 P 0
L -39.72000184 106.14999852 -39.72000184 111.84999728 1 P 0
L -39.73540186 50.24999856 -38.98540082 50.24999856 1 P 0
L -39.73540186 50.24999856 -39.73540186 51.75000064 1 P 0
L -39.73540186 51.75000064 -38.98540082 51.75000064 1 P 0
L -40.00000128 58.49999984 -35.00000112 58.49999984 1 P 0
L -40.00000128 58.49999984 -40.00000128 64.499998 1 P 0
L -40.00000128 64.499998 -35.00000112 64.499998 1 P 0
L -40.00000128 100.24999762 -40.00000128 100.74999662 1 P 0
L -40.23540086 50.24999856 -40.23540086 51.75000064 0 P 0
L -40.25000078 100.49999712 -39.75000178 100.49999712 1 P 0
L -40.61040138 50.7500001 -40.61040138 51.2499991 0 P 0
L -40.6250013 99.24999708 -39.37500126 99.24999708 1 P 0
L -40.6250013 99.24999708 -40.6250013 101.74999716 1 P 0
L -40.6250013 101.74999716 -39.37500126 101.74999716 1 P 0
L -40.6250013 102.4999982 -40.6250013 104.99999828 1 P 0
L -40.86040088 50.9999996 -40.36040188 50.9999996 0 P 0
L -40.8750008 99.24999708 -40.8750008 101.74999716 1 P 0
L -40.9854019 50.24999856 -40.23540086 50.24999856 0 P 0
L -40.9854019 50.24999856 -40.9854019 51.75000064 0 P 0
L -40.9854019 51.75000064 -40.23540086 51.75000064 0 P 0
L -41.25000132 103.49999874 -41.25000132 103.99999774 1 P 0
L -41.49999828 53.49999968 -33.49999904 53.49999968 1 P 0
L -41.49999828 53.49999968 -41.49999828 57.50000184 1 P 0
L -41.49999828 57.50000184 -33.49999904 57.50000184 1 P 0
L -41.50000082 100.24999762 -41.50000082 100.74999662 1 P 0
L -41.50000082 103.74999824 -41.00000182 103.74999824 1 P 0
L -41.6249993 55.64999792 -41.6249993 57.15 1 P 0
L -41.75000032 100.49999712 -41.25000132 100.49999712 1 P 0
L -41.87500134 102.4999982 -40.6250013 102.4999982 1 P 0
L -41.87500134 102.4999982 -41.87500134 104.99999828 1 P 0
L -41.87500134 104.99999828 -40.6250013 104.99999828 1 P 0
L -41.99999982 56.14999946 -41.99999982 56.64999846 1 P 0
L -42.00000236 108.7499984 -42.00000236 109.2499974 1 P 0
L -42.12500084 99.24999708 -40.8750008 99.24999708 1 P 0
L -42.12500084 99.24999708 -42.12500084 101.74999716 1 P 0
L -42.12500084 101.74999716 -40.8750008 101.74999716 1 P 0
L -42.12500084 102.4999982 -42.12500084 104.99999828 1 P 0
L -42.24999932 56.39999896 -41.75000032 56.39999896 1 P 0
L -42.25000186 108.9999979 -41.75000286 108.9999979 1 P 0
L -42.37500034 55.64999792 -41.6249993 55.64999792 1 P 0
L -42.37500034 55.64999792 -42.37500034 57.15 1 P 0
L -42.37500034 57.15 -41.6249993 57.15 1 P 0
L -42.37500288 99.24999708 -42.37500288 101.74999716 1 P 0
L -42.75000086 103.49999874 -42.75000086 103.99999774 1 P 0
L -43.00000036 103.74999824 -42.50000136 103.74999824 1 P 0
L -43.0000029 100.24999762 -43.0000029 100.74999662 1 P 0
L -43.2500024 100.49999712 -42.7500034 100.49999712 1 P 0
L -43.37500088 102.4999982 -42.12500084 102.4999982 1 P 0
L -43.37500088 102.4999982 -43.37500088 104.99999828 1 P 0
L -43.37500088 104.99999828 -42.12500084 104.99999828 1 P 0
L -43.62500292 99.24999708 -42.37500288 99.24999708 1 P 0
L -43.62500292 99.24999708 -43.62500292 101.74999716 1 P 0
L -43.62500292 101.74999716 -42.37500288 101.74999716 1 P 0
L -43.62500292 102.4999982 -43.62500292 104.99999828 1 P 0
L -44.25000294 103.49999874 -44.25000294 103.99999774 1 P 0
L -44.28000288 106.14999852 -39.72000184 106.14999852 1 P 0
L -44.28000288 106.14999852 -44.28000288 111.84999728 1 P 0
L -44.28000288 111.84999728 -39.72000184 111.84999728 1 P 0
L -44.50000244 44.0000009 -30.49999996 44.0000009 1 P 0
L -44.50000244 44.0000009 -44.50000244 50.0000016 1 P 0
L -44.50000244 50.0000016 -30.49999996 50.0000016 1 P 0
L -44.50000244 103.74999824 -44.00000344 103.74999824 1 P 0
L -44.50000244 106.49999528 -44.50000244 111.49999544 1 P 0
L -44.62500092 113.24999448 -44.62500092 114.74999656 0 P 0
L -44.87500296 102.4999982 -43.62500292 102.4999982 1 P 0
L -44.87500296 102.4999982 -44.87500296 104.99999828 1 P 0
L -44.87500296 104.99999828 -43.62500292 104.99999828 1 P 0
L -45.00000144 113.74999602 -45.00000144 114.24999502 0 P 0
L -45.12500246 102.4999982 -45.12500246 104.99999828 1 P 0
L -45.25000094 113.99999552 -44.75000194 113.99999552 0 P 0
L -45.37500196 113.24999448 -44.62500092 113.24999448 0 P 0
L -45.37500196 113.24999448 -45.37500196 114.74999656 0 P 0
L -45.37500196 114.74999656 -44.62500092 114.74999656 0 P 0
L -45.4999979 44.0000009 -45.4999979 50.0000016 1 P 0
L -45.62500146 113.24999448 -45.62500146 114.74999656 0 P 0
L -45.75000248 103.49999874 -45.75000248 103.99999774 1 P 0
L -46.00000198 103.74999824 -45.50000298 103.74999824 1 P 0
L -46.00000198 113.74999602 -46.00000198 114.24999502 0 P 0
L -46.25000148 113.99999552 -45.75000248 113.99999552 0 P 0
L -46.3750025 102.4999982 -45.12500246 102.4999982 1 P 0
L -46.3750025 102.4999982 -46.3750025 104.99999828 1 P 0
L -46.3750025 104.99999828 -45.12500246 104.99999828 1 P 0
L -46.3750025 113.24999448 -45.62500146 113.24999448 0 P 0
L -46.3750025 113.24999448 -46.3750025 114.74999656 0 P 0
L -46.3750025 114.74999656 -45.62500146 114.74999656 0 P 0
L -46.62499946 103.2499967 -46.62499946 104.74999878 1 P 0
L -46.625002 113.24999702 -46.625002 114.7499991 1 P 0
L -46.99999998 103.74999824 -46.99999998 104.24999724 1 P 0
L -47.00000252 108.74999586 -47.00000252 109.24999486 1 P 0
L -47.00000252 113.74999856 -47.00000252 114.24999756 1 P 0
L -47.24999948 103.99999774 -46.75000048 103.99999774 1 P 0
L -47.25000202 108.99999536 -46.75000302 108.99999536 1 P 0
L -47.25000202 113.99999806 -46.75000302 113.99999806 1 P 0
L -47.3750005 103.2499967 -46.62499946 103.2499967 1 P 0
L -47.3750005 103.2499967 -47.3750005 104.74999878 1 P 0
L -47.3750005 104.74999878 -46.62499946 104.74999878 1 P 0
L -47.37500304 113.24999702 -46.625002 113.24999702 1 P 0
L -47.37500304 113.24999702 -47.37500304 114.7499991 1 P 0
L -47.37500304 114.7499991 -46.625002 114.7499991 1 P 0
L -47.625 55.64999538 -47.625 57.14999746 1 P 0
L -47.62500254 103.2499967 -47.62500254 104.74999878 1 P 0
L -47.62500254 112.25000156 -47.62500254 114.75000164 1 P 0
L -48.00000052 56.14999692 -48.00000052 56.64999592 1 P 0
L -48.00000306 103.74999824 -48.00000306 104.24999724 1 P 0
L -48.25000002 56.39999642 -47.75000102 56.39999642 1 P 0
L -48.25000256 103.99999774 -47.75000356 103.99999774 1 P 0
L -48.25000256 113.2500021 -48.25000256 113.7500011 1 P 0
L -48.37500104 55.64999538 -47.625 55.64999538 1 P 0
L -48.37500104 55.64999538 -48.37500104 57.14999746 1 P 0
L -48.37500104 57.14999746 -47.625 57.14999746 1 P 0
L -48.37500358 103.2499967 -47.62500254 103.2499967 1 P 0
L -48.37500358 103.2499967 -48.37500358 104.74999878 1 P 0
L -48.37500358 104.74999878 -47.62500254 104.74999878 1 P 0
L -48.49999698 53.49999968 -48.49999698 57.50000184 1 P 0
L -48.50000206 113.5000016 -48.00000306 113.5000016 1 P 0
L -48.62500054 103.2499967 -48.62500054 104.74999878 1 P 0
L -48.87500258 112.25000156 -47.62500254 112.25000156 1 P 0
L -48.87500258 112.25000156 -48.87500258 114.75000164 1 P 0
L -48.87500258 114.75000164 -47.62500254 114.75000164 1 P 0
L -48.9853986 50.24999856 -48.9853986 51.75000064 0 P 0
L -49.00000106 103.74999824 -49.00000106 104.24999724 1 P 0
L -49.12499954 58.149998 -49.12499954 59.65000008 0 P 0
L -49.12500208 112.24999902 -49.12500208 114.7499991 1 P 0
L -49.25000056 103.99999774 -48.75000156 103.99999774 1 P 0
L -49.36039912 50.7500001 -49.36039912 51.2499991 0 P 0
L -49.37500158 103.2499967 -48.62500054 103.2499967 1 P 0
L -49.37500158 103.2499967 -49.37500158 104.74999878 1 P 0
L -49.37500158 104.74999878 -48.62500054 104.74999878 1 P 0
L -49.50000006 58.64999954 -49.50000006 59.14999854 0 P 0
L -49.5000026 106.49999528 -44.50000244 106.49999528 1 P 0
L -49.5000026 106.49999528 -49.5000026 111.49999544 1 P 0
L -49.5000026 111.49999544 -44.50000244 111.49999544 1 P 0
L -49.61039862 50.9999996 -49.11039962 50.9999996 0 P 0
L -49.62500108 103.2499967 -49.62500108 104.74999878 1 P 0
L -49.73539964 50.24999856 -48.9853986 50.24999856 0 P 0
L -49.73539964 50.24999856 -49.73539964 51.75000064 0 P 0
L -49.73539964 51.75000064 -48.9853986 51.75000064 0 P 0
L -49.74999956 58.89999904 -49.25000056 58.89999904 0 P 0
L -49.7500021 113.24999956 -49.7500021 113.74999856 1 P 0
L -49.87500058 58.149998 -49.12499954 58.149998 0 P 0
L -49.87500058 58.149998 -49.87500058 59.65000008 0 P 0
L -49.87500058 59.65000008 -49.12499954 59.65000008 0 P 0
L -49.99999906 58.49999984 -49.99999906 64.499998 1 P 0
L -50.0000016 103.74999824 -50.0000016 104.24999724 1 P 0
L -50.0000016 113.49999906 -49.5000026 113.49999906 1 P 0
L -50.21999608 65.2499965 -50.21999608 66.74999858 1 P 0
L -50.23539864 50.24999856 -50.23539864 51.75000064 1 P 0
L -50.2500011 103.99999774 -49.7500021 103.99999774 1 P 0
L -50.37500212 103.2499967 -49.62500108 103.2499967 1 P 0
L -50.37500212 103.2499967 -50.37500212 104.74999878 1 P 0
L -50.37500212 104.74999878 -49.62500108 104.74999878 1 P 0
L -50.37500212 112.24999902 -49.12500208 112.24999902 1 P 0
L -50.37500212 112.24999902 -50.37500212 114.7499991 1 P 0
L -50.37500212 112.24999902 -50.37500212 114.7499991 1 P 0
L -50.37500212 114.7499991 -49.12500208 114.7499991 1 P 0
L -50.5949966 65.74999804 -50.5949966 66.24999704 1 P 0
L -50.61039916 50.7500001 -50.61039916 51.2499991 1 P 0
L -50.82500122 101.24999562 -50.82500122 102.7499977 0 P 0
L -50.8449961 65.99999754 -50.3449971 65.99999754 1 P 0
L -50.86039866 50.9999996 -50.36039966 50.9999996 1 P 0
L -50.93320268 103.57759828 -50.93320268 106.42239828 1 P 0
L -50.96999712 65.2499965 -50.21999608 65.2499965 1 P 0
L -50.96999712 65.2499965 -50.96999712 66.74999858 1 P 0
L -50.96999712 66.74999858 -50.21999608 66.74999858 1 P 0
L -50.98539968 50.24999856 -50.23539864 50.24999856 1 P 0
L -50.98539968 50.24999856 -50.98539968 51.75000064 1 P 0
L -50.98539968 51.75000064 -50.23539864 51.75000064 1 P 0
L -51.00000214 113.24999956 -51.00000214 113.74999856 1 P 0
L -51.20000174 101.74999716 -51.20000174 102.24999616 0 P 0
L -51.2499991 107.37499734 -51.2499991 108.12499838 1 P 0
L -51.2499991 108.37499788 -51.2499991 109.12499892 1 P 0
L -51.25000164 109.37499588 -51.25000164 110.12499692 1 P 0
L -51.25000164 113.49999906 -50.75000264 113.49999906 1 P 0
L -51.45000124 101.99999666 -50.95000224 101.99999666 0 P 0
L -51.48999862 65.2499965 -51.48999862 66.74999858 0 P 0
L -51.57500226 101.24999562 -50.82500122 101.24999562 0 P 0
L -51.57500226 101.24999562 -51.57500226 102.7499977 0 P 0
L -51.57500226 102.7499977 -50.82500122 102.7499977 0 P 0
L -51.62500216 112.24999902 -50.37500212 112.24999902 1 P 0
L -51.62500216 112.24999902 -51.62500216 114.7499991 1 P 0
L -51.62500216 112.24999902 -51.62500216 114.7499991 1 P 0
L -51.62500216 114.7499991 -50.37500212 114.7499991 1 P 0
L -51.86499914 65.74999804 -51.86499914 66.24999704 0 P 0
L -52.00000014 107.49999836 -52.00000014 107.99999736 1 P 0
L -52.00000014 108.4999989 -52.00000014 108.9999979 1 P 0
L -52.00000268 104.74999878 -52.00000268 105.24999778 1 P 0
L -52.00000268 109.4999969 -52.00000268 109.9999959 1 P 0
L -52.02500136 101.24999562 -52.02500136 102.7499977 0 P 0
L -52.11499864 65.99999754 -51.61499964 65.99999754 0 P 0
L -52.23999966 65.2499965 -51.48999862 65.2499965 0 P 0
L -52.23999966 65.2499965 -52.23999966 66.74999858 0 P 0
L -52.23999966 66.74999858 -51.48999862 66.74999858 0 P 0
L -52.24999964 107.74999786 -51.75000064 107.74999786 1 P 0
L -52.24999964 108.7499984 -51.75000064 108.7499984 1 P 0
L -52.25000218 104.99999828 -51.75000318 104.99999828 1 P 0
L -52.25000218 109.7499964 -51.75000318 109.7499964 1 P 0
L -52.25000218 113.24999956 -52.25000218 113.74999856 1 P 0
L -52.40000188 101.74999716 -52.40000188 102.24999616 0 P 0
L -52.4999966 55.25000126 -52.4999966 55.75000026 1 P 0
L -52.49999914 47.75000102 -52.49999914 48.25000002 1 P 0
L -52.49999914 61.24999942 -52.49999914 61.74999842 1 P 0
L -52.50000168 113.49999906 -52.00000268 113.49999906 1 P 0
L -52.65000138 101.99999666 -52.15000238 101.99999666 0 P 0
L -52.7499961 55.50000076 -52.2499971 55.50000076 1 P 0
L -52.74999864 48.00000052 -52.24999964 48.00000052 1 P 0
L -52.74999864 61.49999892 -52.24999964 61.49999892 1 P 0
L -52.75000118 107.37499734 -51.2499991 107.37499734 1 P 0
L -52.75000118 107.37499734 -52.75000118 108.12499838 1 P 0
L -52.75000118 108.12499838 -51.2499991 108.12499838 1 P 0
L -52.75000118 108.37499788 -51.2499991 108.37499788 1 P 0
L -52.75000118 108.37499788 -52.75000118 109.12499892 1 P 0
L -52.75000118 109.12499892 -51.2499991 109.12499892 1 P 0
L -52.75000372 109.37499588 -51.25000164 109.37499588 1 P 0
L -52.75000372 109.37499588 -52.75000372 110.12499692 1 P 0
L -52.75000372 110.12499692 -51.25000164 110.12499692 1 P 0
L -52.75999862 65.24999904 -52.75999862 66.75000112 1 P 0
L -52.7750024 101.24999562 -52.02500136 101.24999562 0 P 0
L -52.7750024 101.24999562 -52.7750024 102.7499977 0 P 0
L -52.7750024 102.7499977 -52.02500136 102.7499977 0 P 0
L -52.8750022 112.24999902 -51.62500216 112.24999902 1 P 0
L -52.8750022 112.24999902 -52.8750022 114.7499991 1 P 0
L -52.8750022 114.7499991 -51.62500216 114.7499991 1 P 0
L -53.06680268 103.57759828 -50.93320268 103.57759828 1 P 0
L -53.06680268 103.57759828 -53.06680268 106.42239828 1 P 0
L -53.06680268 106.42239828 -50.93320268 106.42239828 1 P 0
L -53.13499914 65.75000058 -53.13499914 66.24999958 1 P 0
L -53.38499864 66.00000008 -52.88499964 66.00000008 1 P 0
L -53.49999968 100.99999866 -53.49999968 108.9999979 1 P 0
L -53.50999966 65.24999904 -52.75999862 65.24999904 1 P 0
L -53.50999966 65.24999904 -53.50999966 66.75000112 1 P 0
L -53.50999966 66.75000112 -52.75999862 66.75000112 1 P 0
L -53.98539876 50.24999856 -53.98539876 51.75000064 1 P 0
L -54.36039928 50.7500001 -54.36039928 51.2499991 1 P 0
L -54.61039878 50.9999996 -54.11039978 50.9999996 1 P 0
L -54.7353998 50.24999856 -53.98539876 50.24999856 1 P 0
L -54.7353998 50.24999856 -54.7353998 51.75000064 1 P 0
L -54.7353998 51.75000064 -53.98539876 51.75000064 1 P 0
L -54.99999922 58.49999984 -49.99999906 58.49999984 1 P 0
L -54.99999922 58.49999984 -54.99999922 64.499998 1 P 0
L -54.99999922 64.499998 -49.99999906 64.499998 1 P 0
L -55.2353988 50.24999856 -55.2353988 51.75000064 0 P 0
L -55.50000076 104.74999878 -55.50000076 105.24999778 1 P 0
L -55.61039932 50.7500001 -55.61039932 51.2499991 0 P 0
L -55.75000026 104.99999828 -55.25000126 104.99999828 1 P 0
L -55.86039882 50.9999996 -55.36039982 50.9999996 0 P 0
L -55.98539984 50.24999856 -55.2353988 50.24999856 0 P 0
L -55.98539984 50.24999856 -55.98539984 51.75000064 0 P 0
L -55.98539984 51.75000064 -55.2353988 51.75000064 0 P 0
L -56.49999622 53.49999968 -48.49999698 53.49999968 1 P 0
L -56.49999622 53.49999968 -56.49999622 57.50000184 1 P 0
L -56.49999622 57.50000184 -48.49999698 57.50000184 1 P 0
L -56.62499978 55.64999792 -56.62499978 57.15 1 P 0
L -57.0000003 56.14999946 -57.0000003 56.64999846 1 P 0
L -57.2499998 56.39999896 -56.7500008 56.39999896 1 P 0
L -57.37500082 55.64999792 -56.62499978 55.64999792 1 P 0
L -57.37500082 55.64999792 -57.37500082 57.15 1 P 0
L -57.37500082 57.15 -56.62499978 57.15 1 P 0
L -57.50000184 100.99999866 -53.49999968 100.99999866 1 P 0
L -57.50000184 100.99999866 -57.50000184 108.9999979 1 P 0
L -57.50000184 108.9999979 -53.49999968 108.9999979 1 P 0
L -58.99999884 102.99999974 -58.99999884 113.00000006 1 P 0
L -59.50000038 44.0000009 -45.4999979 44.0000009 1 P 0
L -59.50000038 44.0000009 -59.50000038 50.0000016 1 P 0
L -59.50000038 50.0000016 -45.4999979 50.0000016 1 P 0
L -60.2298008 77.42420126 -60.2298008 96.57580126 2 P 0
L -60.2298008 77.42420126 10.1027992 77.42420126 2 P 0
L -60.2298008 96.57580126 10.1027992 96.57580126 2 P 0
L -60.99999992 107.7500004 -60.99999992 108.2499994 1 P 0
L -61.24999942 107.9999999 -60.75000042 107.9999999 1 P 0
L -64.99999954 102.99999974 -58.99999884 102.99999974 1 P 0
L -64.99999954 102.99999974 -64.99999954 113.00000006 1 P 0
L -64.99999954 113.00000006 -58.99999884 113.00000006 1 P 0
L 0 24.7500013 0 25.2500003 1 P 0
L 0 59.74999988 0 60.24999888 1 P 0
L 0.25000204 29.24999992 0.25000204 30.750002 1 P 0
L 0.25000204 29.24999992 1.00000308 29.24999992 1 P 0
L 0.25000204 30.750002 1.00000308 30.750002 1 P 0
L 0.37500306 30.00000096 0.87500206 30.00000096 1 P 0
L 0.62500256 29.75000146 0.62500256 30.25000046 1 P 0
L 1.00000308 29.24999992 1.00000308 30.750002 1 P 0
L 1.62499802 96.74999954 1.62499802 98.25000162 0 P 0
L 1.62499802 96.74999954 2.37499906 96.74999954 0 P 0
L 1.62499802 98.25000162 2.37499906 98.25000162 0 P 0
L 1.74999904 97.50000058 2.24999804 97.50000058 0 P 0
L 1.99999854 97.25000108 1.99999854 97.75000008 0 P 0
L 2.37499906 96.74999954 2.37499906 98.25000162 0 P 0
L 2.62499856 96.74999954 2.62499856 98.25000162 0 P 0
L 2.62499856 96.74999954 3.3749996 96.74999954 0 P 0
L 2.62499856 98.25000162 3.3749996 98.25000162 0 P 0
L 2.74999958 97.50000058 3.24999858 97.50000058 0 P 0
L 2.74999958 106.99999936 3.24999858 106.99999936 1 P 0
L 2.99999908 97.25000108 2.99999908 97.75000008 0 P 0
L 2.99999908 106.74999986 2.99999908 107.24999886 1 P 0
L 3.31999844 115.62499862 3.31999844 116.37499966 0 P 0
L 3.31999844 115.62499862 4.82000052 115.62499862 0 P 0
L 3.31999844 116.37499966 4.82000052 116.37499966 0 P 0
L 3.3749996 96.74999954 3.3749996 98.25000162 0 P 0
L 3.6249991 96.74999954 3.6249991 98.25000162 0 P 0
L 3.6249991 96.74999954 4.37500014 96.74999954 0 P 0
L 3.6249991 98.25000162 4.37500014 98.25000162 0 P 0
L 3.75000012 97.50000058 4.24999912 97.50000058 0 P 0
L 3.81999998 115.99999914 4.31999898 115.99999914 0 P 0
L 3.90949942 29.24999992 3.90949942 30.750002 1 P 0
L 3.90949942 29.24999992 4.65950046 29.24999992 1 P 0
L 3.90949942 30.750002 4.65950046 30.750002 1 P 0
L 3.99999962 97.25000108 3.99999962 97.75000008 0 P 0
L 4.03450044 30.00000096 4.53449944 30.00000096 1 P 0
L 4.06999948 115.74999964 4.06999948 116.24999864 0 P 0
L 4.28449994 29.75000146 4.28449994 30.25000046 1 P 0
L 4.37500014 96.74999954 4.37500014 98.25000162 0 P 0
L 4.65950046 29.24999992 4.65950046 30.750002 1 P 0
L 4.82000052 115.62499862 4.82000052 116.37499966 0 P 0
L 5.00000016 31.5000005 5.00000016 38.50000174 1 P 0
L 5.00000016 31.5000005 15.00000048 31.5000005 1 P 0
L 5.00000016 38.50000174 15.00000048 38.50000174 1 P 0
L 5.1799998 29.24999992 5.1799998 30.750002 0 P 0
L 5.1799998 29.24999992 5.93000084 29.24999992 0 P 0
L 5.1799998 30.750002 5.93000084 30.750002 0 P 0
L 5.30500082 30.00000096 5.80499982 30.00000096 0 P 0
L 5.55500032 29.75000146 5.55500032 30.25000046 0 P 0
L 5.93000084 29.24999992 5.93000084 30.750002 0 P 0
L 6.0000007 21.00000118 6.0000007 27.00000188 1 P 0
L 6.45000234 29.24999992 6.45000234 30.750002 1 P 0
L 6.45000234 29.24999992 7.20000338 29.24999992 1 P 0
L 6.45000234 30.750002 7.20000338 30.750002 1 P 0
L 6.45000234 39.2499977 6.45000234 40.74999978 1 P 0
L 6.45000234 39.2499977 7.20000338 39.2499977 1 P 0
L 6.45000234 40.74999978 7.20000338 40.74999978 1 P 0
L 6.57500336 30.00000096 7.07500236 30.00000096 1 P 0
L 6.57500336 39.99999874 7.07500236 39.99999874 1 P 0
L 6.82500286 29.75000146 6.82500286 30.25000046 1 P 0
L 6.82500286 39.74999924 6.82500286 40.24999824 1 P 0
L 7.20000338 29.24999992 7.20000338 30.750002 1 P 0
L 7.20000338 39.2499977 7.20000338 40.74999978 1 P 0
L 7.7199998 29.24999992 7.7199998 30.750002 0 P 0
L 7.7199998 29.24999992 8.47000084 29.24999992 0 P 0
L 7.7199998 30.750002 8.47000084 30.750002 0 P 0
L 7.7199998 39.2499977 7.7199998 40.74999978 0 P 0
L 7.7199998 39.2499977 8.47000084 39.2499977 0 P 0
L 7.7199998 40.74999978 8.47000084 40.74999978 0 P 0
L 7.84500082 30.00000096 8.34499982 30.00000096 0 P 0
L 7.84500082 39.99999874 8.34499982 39.99999874 0 P 0
L 8.09500032 29.75000146 8.09500032 30.25000046 0 P 0
L 8.09500032 39.74999924 8.09500032 40.24999824 0 P 0
L 8.47000084 29.24999992 8.47000084 30.750002 0 P 0
L 8.47000084 39.2499977 8.47000084 40.74999978 0 P 0
L 8.99999978 45.50000044 8.99999978 74.49999832 1 P 0
L 9.75000082 35.00000112 10.24999982 35.00000112 1 P 0
L 10.00000032 34.75000162 10.00000032 35.25000062 1 P 0
L 10.1027992 77.42420126 10.1027992 96.57580126 2 P 0
L 11.00000086 45.50000044 11.00000086 74.49999832 1 P 0
L 11.00000086 45.50000044 29.00000042 45.50000044 1 P 0
L 11.00000086 74.49999832 29.00000042 74.49999832 1 P 0
L 11.49999986 98.49999858 11.49999986 115.50000014 1 P 0
L 11.62499834 102.67999784 11.62499834 104.17999992 0 P 0
L 11.62499834 102.67999784 12.37499938 102.67999784 0 P 0
L 11.62499834 104.17999992 12.37499938 104.17999992 0 P 0
L 11.62500088 101.1799983 11.62500088 102.68000038 1 P 0
L 11.62500088 101.1799983 12.37500192 101.1799983 1 P 0
L 11.62500088 102.68000038 12.37500192 102.68000038 1 P 0
L 11.74999936 103.42999888 12.24999836 103.42999888 0 P 0
L 11.74999936 111.624999 11.74999936 112.37500004 0 P 0
L 11.74999936 111.624999 13.25000144 111.624999 0 P 0
L 11.74999936 112.37500004 13.25000144 112.37500004 0 P 0
L 11.74999936 112.62499954 11.74999936 113.37500058 0 P 0
L 11.74999936 112.62499954 13.25000144 112.62499954 0 P 0
L 11.74999936 113.37500058 13.25000144 113.37500058 0 P 0
L 11.7500019 101.92999934 12.2500009 101.92999934 1 P 0
L 11.99999886 103.17999938 11.99999886 103.67999838 0 P 0
L 12.0000014 101.67999984 12.0000014 102.17999884 1 P 0
L 12.2500009 111.99999952 12.7499999 111.99999952 0 P 0
L 12.2500009 113.00000006 12.7499999 113.00000006 0 P 0
L 12.37499938 102.67999784 12.37499938 104.17999992 0 P 0
L 12.37500192 101.1799983 12.37500192 102.68000038 1 P 0
L 12.5000004 111.75000002 12.5000004 112.24999902 0 P 0
L 12.5000004 112.75000056 12.5000004 113.24999956 0 P 0
L 13.25000144 111.624999 13.25000144 112.37500004 0 P 0
L 13.25000144 112.62499954 13.25000144 113.37500058 0 P 0
L 13.50000094 91.99999888 13.50000094 106.99999936 3 P 0
L 13.50000094 91.99999888 24.49999926 91.99999888 3 P 0
L 13.50000094 106.99999936 24.49999926 106.99999936 3 P 0
L 13.99999994 78.99999694 13.99999994 86.99999618 1 P 0
L 13.99999994 78.99999694 21.99999918 78.99999694 1 P 0
L 13.99999994 86.99999618 21.99999918 86.99999618 1 P 0
L 14.0699998 29.24999992 14.0699998 30.750002 0 P 0
L 14.0699998 29.24999992 14.82000084 29.24999992 0 P 0
L 14.0699998 30.750002 14.82000084 30.750002 0 P 0
L 14.19500082 30.00000096 14.69499982 30.00000096 0 P 0
L 14.44500032 29.75000146 14.44500032 30.25000046 0 P 0
L 14.50000148 111.60000032 14.50000148 116.40000088 1 P 0
L 14.50000148 111.60000032 23.5000038 111.60000032 1 P 0
L 14.50000148 116.40000088 23.5000038 116.40000088 1 P 0
L 14.69999854 76.74999636 14.69999854 78.24999844 0 P 0
L 14.69999854 76.74999636 15.44999958 76.74999636 0 P 0
L 14.69999854 78.24999844 15.44999958 78.24999844 0 P 0
L 14.70000108 87.24999568 14.70000108 88.74999776 1 P 0
L 14.70000108 87.24999568 15.45000212 87.24999568 1 P 0
L 14.70000108 88.74999776 15.45000212 88.74999776 1 P 0
L 14.82000084 29.24999992 14.82000084 30.750002 0 P 0
L 14.82499956 77.4999974 15.32499856 77.4999974 0 P 0
L 14.8250021 87.99999672 15.3250011 87.99999672 1 P 0
L 15.00000048 31.5000005 15.00000048 38.50000174 1 P 0
L 15.07499906 77.2499979 15.07499906 77.7499969 0 P 0
L 15.0750016 87.74999722 15.0750016 88.24999622 1 P 0
L 15.44999958 76.74999636 15.44999958 78.24999844 0 P 0
L 15.45000212 87.24999568 15.45000212 88.74999776 1 P 0
L 15.99999848 76.74999636 15.99999848 78.24999844 0 P 0
L 15.99999848 76.74999636 16.74999952 76.74999636 0 P 0
L 15.99999848 78.24999844 16.74999952 78.24999844 0 P 0
L 16.1249995 77.4999974 16.6249985 77.4999974 0 P 0
L 16.374999 77.2499979 16.374999 77.7499969 0 P 0
L 16.74999952 76.74999636 16.74999952 78.24999844 0 P 0
L 16.92319958 107.24999886 16.92319958 108.75000094 1 P 0
L 16.92319958 107.24999886 17.67320062 107.24999886 1 P 0
L 16.92319958 108.75000094 17.67320062 108.75000094 1 P 0
L 17.0482006 107.9999999 17.5481996 107.9999999 1 P 0
L 17.2982001 107.7500004 17.2982001 108.2499994 1 P 0
L 17.29999842 76.74999636 17.29999842 78.24999844 0 P 0
L 17.29999842 76.74999636 18.04999946 76.74999636 0 P 0
L 17.29999842 78.24999844 18.04999946 78.24999844 0 P 0
L 17.29999842 89.24999676 17.29999842 90.74999884 0 P 0
L 17.29999842 89.24999676 18.04999946 89.24999676 0 P 0
L 17.29999842 90.74999884 18.04999946 90.74999884 0 P 0
L 17.30000096 87.24999568 17.30000096 88.74999776 1 P 0
L 17.30000096 87.24999568 18.050002 87.24999568 1 P 0
L 17.30000096 88.74999776 18.050002 88.74999776 1 P 0
L 17.42499944 77.4999974 17.92499844 77.4999974 0 P 0
L 17.42499944 89.9999978 17.92499844 89.9999978 0 P 0
L 17.42500198 87.99999672 17.92500098 87.99999672 1 P 0
L 17.67320062 107.24999886 17.67320062 108.75000094 1 P 0
L 17.67499894 77.2499979 17.67499894 77.7499969 0 P 0
L 17.67499894 89.7499983 17.67499894 90.2499973 0 P 0
L 17.67500148 87.74999722 17.67500148 88.24999622 1 P 0
L 17.75000006 82.99999656 18.24999906 82.99999656 1 P 0
L 17.99999956 82.74999706 17.99999956 83.24999606 1 P 0
L 18.04999946 76.74999636 18.04999946 78.24999844 0 P 0
L 18.04999946 89.24999676 18.04999946 90.74999884 0 P 0
L 18.050002 87.24999568 18.050002 88.74999776 1 P 0
L 18.59999836 76.74999636 18.59999836 78.24999844 0 P 0
L 18.59999836 76.74999636 19.3499994 76.74999636 0 P 0
L 18.59999836 78.24999844 19.3499994 78.24999844 0 P 0
L 18.59999836 89.24999676 18.59999836 90.74999884 0 P 0
L 18.59999836 89.24999676 19.3499994 89.24999676 0 P 0
L 18.59999836 90.74999884 19.3499994 90.74999884 0 P 0
L 18.6000009 87.24999568 18.6000009 88.74999776 1 P 0
L 18.6000009 87.24999568 19.35000194 87.24999568 1 P 0
L 18.6000009 88.74999776 19.35000194 88.74999776 1 P 0
L 18.62499958 107.24999886 18.62499958 108.75000094 0 P 0
L 18.62499958 107.24999886 19.37500062 107.24999886 0 P 0
L 18.62499958 108.75000094 19.37500062 108.75000094 0 P 0
L 18.72499938 77.4999974 19.22499838 77.4999974 0 P 0
L 18.72499938 89.9999978 19.22499838 89.9999978 0 P 0
L 18.72500192 87.99999672 19.22500092 87.99999672 1 P 0
L 18.7500006 107.9999999 19.2499996 107.9999999 0 P 0
L 18.97499888 77.2499979 18.97499888 77.7499969 0 P 0
L 18.97499888 89.7499983 18.97499888 90.2499973 0 P 0
L 18.97500142 87.74999722 18.97500142 88.24999622 1 P 0
L 19.0000001 107.7500004 19.0000001 108.2499994 0 P 0
L 19.3499994 76.74999636 19.3499994 78.24999844 0 P 0
L 19.3499994 89.24999676 19.3499994 90.74999884 0 P 0
L 19.35000194 87.24999568 19.35000194 88.74999776 1 P 0
L 19.37500062 107.24999886 19.37500062 108.75000094 0 P 0
L 19.75000114 59.99999938 20.25000014 59.99999938 1 P 0
L 19.8999983 76.74999636 19.8999983 78.24999844 0 P 0
L 19.8999983 76.74999636 20.64999934 76.74999636 0 P 0
L 19.8999983 78.24999844 20.64999934 78.24999844 0 P 0
L 19.8999983 89.24999676 19.8999983 90.74999884 0 P 0
L 19.8999983 89.24999676 20.64999934 89.24999676 0 P 0
L 19.8999983 90.74999884 20.64999934 90.74999884 0 P 0
L 19.90000084 87.24999568 19.90000084 88.74999776 1 P 0
L 19.90000084 87.24999568 20.65000188 87.24999568 1 P 0
L 19.90000084 88.74999776 20.65000188 88.74999776 1 P 0
L 20.00000064 59.74999988 20.00000064 60.24999888 1 P 0
L 20.02499932 77.4999974 20.52499832 77.4999974 0 P 0
L 20.02499932 89.9999978 20.52499832 89.9999978 0 P 0
L 20.02500186 87.99999672 20.52500086 87.99999672 1 P 0
L 20.27499882 77.2499979 20.27499882 77.7499969 0 P 0
L 20.27499882 89.7499983 20.27499882 90.2499973 0 P 0
L 20.27500136 87.74999722 20.27500136 88.24999622 1 P 0
L 20.32679958 107.24999886 20.32679958 108.75000094 1 P 0
L 20.32679958 107.24999886 21.07680062 107.24999886 1 P 0
L 20.32679958 108.75000094 21.07680062 108.75000094 1 P 0
L 20.4518006 107.9999999 20.9517996 107.9999999 1 P 0
L 20.64999934 76.74999636 20.64999934 78.24999844 0 P 0
L 20.64999934 89.24999676 20.64999934 90.74999884 0 P 0
L 20.65000188 87.24999568 20.65000188 88.74999776 1 P 0
L 20.7018001 107.7500004 20.7018001 108.2499994 1 P 0
L 21.07680062 107.24999886 21.07680062 108.75000094 1 P 0
L 21.20000078 76.74999636 21.20000078 78.24999844 0 P 0
L 21.20000078 76.74999636 21.95000182 76.74999636 0 P 0
L 21.20000078 78.24999844 21.95000182 78.24999844 0 P 0
L 21.20000078 87.24999568 21.20000078 88.74999776 1 P 0
L 21.20000078 87.24999568 21.95000182 87.24999568 1 P 0
L 21.20000078 88.74999776 21.95000182 88.74999776 1 P 0
L 21.3250018 77.4999974 21.8250008 77.4999974 0 P 0
L 21.3250018 87.99999672 21.8250008 87.99999672 1 P 0
L 21.5750013 77.2499979 21.5750013 77.7499969 0 P 0
L 21.5750013 87.74999722 21.5750013 88.24999622 1 P 0
L 21.95000182 76.74999636 21.95000182 78.24999844 0 P 0
L 21.95000182 87.24999568 21.95000182 88.74999776 1 P 0
L 21.99999918 78.99999694 21.99999918 86.99999618 1 P 0
L 22.02860212 107.24999886 22.02860212 108.75000094 1 P 0
L 22.02860212 107.24999886 22.77860316 107.24999886 1 P 0
L 22.02860212 108.75000094 22.77860316 108.75000094 1 P 0
L 22.15360314 107.9999999 22.65360214 107.9999999 1 P 0
L 22.40360264 107.7500004 22.40360264 108.2499994 1 P 0
L 22.50000072 76.74999636 22.50000072 78.24999844 0 P 0
L 22.50000072 76.74999636 23.25000176 76.74999636 0 P 0
L 22.50000072 78.24999844 23.25000176 78.24999844 0 P 0
L 22.50000072 87.24999568 22.50000072 88.74999776 0 P 0
L 22.50000072 87.24999568 23.25000176 87.24999568 0 P 0
L 22.50000072 88.74999776 23.25000176 88.74999776 0 P 0
L 22.62500174 77.4999974 23.12500074 77.4999974 0 P 0
L 22.62500174 87.99999672 23.12500074 87.99999672 0 P 0
L 22.77860316 107.24999886 22.77860316 108.75000094 1 P 0
L 22.87500124 77.2499979 22.87500124 77.7499969 0 P 0
L 22.87500124 87.74999722 22.87500124 88.24999622 0 P 0
L 23.25000176 76.74999636 23.25000176 78.24999844 0 P 0
L 23.25000176 87.24999568 23.25000176 88.74999776 0 P 0
L 23.5000038 111.60000032 23.5000038 116.40000088 1 P 0
L 24.12499874 112.40699896 24.12499874 113.90700104 0 P 0
L 24.12499874 112.40699896 24.87499978 112.40699896 0 P 0
L 24.12499874 113.90700104 24.87499978 113.90700104 0 P 0
L 24.24999976 113.157 24.74999876 113.157 0 P 0
L 24.49999926 91.99999888 24.49999926 106.99999936 3 P 0
L 24.49999926 112.9070005 24.49999926 113.4069995 0 P 0
L 24.87499978 112.40699896 24.87499978 113.90700104 0 P 0
L 25.12499928 112.40699896 25.12499928 113.90700104 0 P 0
L 25.12499928 112.40699896 25.87500032 112.40699896 0 P 0
L 25.12499928 113.90700104 25.87500032 113.90700104 0 P 0
L 25.2500003 113.157 25.7499993 113.157 0 P 0
L 25.4999998 112.9070005 25.4999998 113.4069995 0 P 0
L 25.87500032 112.40699896 25.87500032 113.90700104 0 P 0
L 26.69200148 111.84999728 26.69200148 114.14999776 2 P 0
L 26.69200148 111.84999728 31.30799936 111.84999728 2 P 0
L 26.69200148 114.14999776 31.30799936 114.14999776 2 P 0
L 26.99998664 88.9999998 26.99998664 93.00000196 1 P 0
L 26.99998664 88.9999998 30.9999888 88.9999998 1 P 0
L 26.99998664 93.00000196 30.9999888 93.00000196 1 P 0
L 27.74999784 114.33750056 27.74999784 115.0875016 0 P 0
L 27.74999784 114.33750056 29.24999992 114.33750056 0 P 0
L 27.74999784 115.0875016 29.24999992 115.0875016 0 P 0
L 28.24999938 103.62499976 28.24999938 104.3750008 0 P 0
L 28.24999938 103.62499976 29.75000146 103.62499976 0 P 0
L 28.24999938 104.3750008 29.75000146 104.3750008 0 P 0
L 28.24999938 104.6250003 28.24999938 105.37500134 1 P 0
L 28.24999938 104.6250003 29.75000146 104.6250003 1 P 0
L 28.24999938 105.37500134 29.75000146 105.37500134 1 P 0
L 28.24999938 105.6249983 28.24999938 106.37499934 0 P 0
L 28.24999938 105.6249983 29.75000146 105.6249983 0 P 0
L 28.24999938 106.37499934 29.75000146 106.37499934 0 P 0
L 28.24999938 106.62499884 28.24999938 107.37499988 1 P 0
L 28.24999938 106.62499884 29.75000146 106.62499884 1 P 0
L 28.24999938 107.37499988 29.75000146 107.37499988 1 P 0
L 28.24999938 114.71250108 28.74999838 114.71250108 0 P 0
L 28.39999908 107.74999786 28.39999908 109.24999994 1 P 0
L 28.39999908 107.74999786 29.59999922 107.74999786 1 P 0
L 28.39999908 109.24999994 29.59999922 109.24999994 1 P 0
L 28.49999888 114.46250158 28.49999888 114.96250058 0 P 0
L 28.6249872 95.25 28.6249872 96.75000208 1 P 0
L 28.6249872 95.25 29.37498824 95.25 1 P 0
L 28.6249872 96.75000208 29.37498824 96.75000208 1 P 0
L 28.74998822 91.00000088 29.24998722 91.00000088 1 P 0
L 28.74998822 96.00000104 29.24998722 96.00000104 1 P 0
L 28.75000092 104.00000028 29.24999992 104.00000028 0 P 0
L 28.75000092 105.00000082 29.24999992 105.00000082 1 P 0
L 28.75000092 105.99999882 29.24999992 105.99999882 0 P 0
L 28.75000092 106.99999936 29.24999992 106.99999936 1 P 0
L 28.75000092 108.4999989 29.24999992 108.4999989 1 P 0
L 28.82999822 93.62499944 28.82999822 94.37500048 1 P 0
L 28.82999822 93.62499944 30.3300003 93.62499944 1 P 0
L 28.82999822 94.37500048 30.3300003 94.37500048 1 P 0
L 28.82999822 97.37499956 28.82999822 98.1250006 1 P 0
L 28.82999822 97.37499956 30.3300003 97.37499956 1 P 0
L 28.82999822 98.1250006 30.3300003 98.1250006 1 P 0
L 28.99998772 90.75000138 28.99998772 91.25000038 1 P 0
L 28.99998772 95.75000154 28.99998772 96.25000054 1 P 0
L 29.00000042 45.50000044 29.00000042 74.49999832 1 P 0
L 29.00000042 103.75000078 29.00000042 104.24999978 0 P 0
L 29.00000042 104.75000132 29.00000042 105.25000032 1 P 0
L 29.00000042 105.74999932 29.00000042 106.24999832 0 P 0
L 29.00000042 106.74999986 29.00000042 107.24999886 1 P 0
L 29.00000042 108.2499994 29.00000042 108.7499984 1 P 0
L 29.24999992 114.33750056 29.24999992 115.0875016 0 P 0
L 29.32999976 93.99999996 29.82999876 93.99999996 1 P 0
L 29.32999976 97.75000008 29.82999876 97.75000008 1 P 0
L 29.37498824 95.25 29.37498824 96.75000208 1 P 0
L 29.57999926 93.75000046 29.57999926 94.24999946 1 P 0
L 29.57999926 97.50000058 29.57999926 97.99999958 1 P 0
L 29.59999922 107.74999786 29.59999922 109.24999994 1 P 0
L 29.75000146 103.62499976 29.75000146 104.3750008 0 P 0
L 29.75000146 104.6250003 29.75000146 105.37500134 1 P 0
L 29.75000146 105.6249983 29.75000146 106.37499934 0 P 0
L 29.75000146 106.62499884 29.75000146 107.37499988 1 P 0
L 29.85000126 114.2500001 29.85000126 116.75000018 1 P 0
L 29.85000126 114.2500001 31.1000013 114.2500001 1 P 0
L 29.85000126 116.75000018 31.1000013 116.75000018 1 P 0
L 30.22500178 115.50000014 30.72500078 115.50000014 1 P 0
L 30.3300003 93.62499944 30.3300003 94.37500048 1 P 0
L 30.3300003 97.37499956 30.3300003 98.1250006 1 P 0
L 30.47500128 115.25000064 30.47500128 115.74999964 1 P 0
L 30.49999996 44.0000009 30.49999996 50.0000016 1 P 0
L 30.49999996 44.0000009 44.50000244 44.0000009 1 P 0
L 30.49999996 50.0000016 44.50000244 50.0000016 1 P 0
L 30.9999888 88.9999998 30.9999888 93.00000196 1 P 0
L 31.1000013 114.2500001 31.1000013 116.75000018 1 P 0
L 31.30799936 111.84999728 31.30799936 114.14999776 2 P 0
L 31.69200164 111.84999982 31.69200164 114.1500003 2 P 0
L 31.69200164 111.84999982 36.30799952 111.84999982 2 P 0
L 31.69200164 114.1500003 36.30799952 114.1500003 2 P 0
L 31.8999997 114.2500001 31.8999997 116.75000018 1 P 0
L 31.8999997 114.2500001 33.14999974 114.2500001 1 P 0
L 31.8999997 116.75000018 33.14999974 116.75000018 1 P 0
L 31.90298674 82.90299904 60.09698674 82.90299904 2 P 0
L 31.90298674 111.09699904 60.09698674 111.09699904 2 P 0
L 32.12500052 74.75000036 32.12500052 76.25000244 1 P 0
L 32.12500052 74.75000036 32.87500156 74.75000036 1 P 0
L 32.12500052 76.25000244 32.87500156 76.25000244 1 P 0
L 32.12500052 76.7499989 32.12500052 78.25000098 1 P 0
L 32.12500052 76.7499989 32.87500156 76.7499989 1 P 0
L 32.12500052 78.25000098 32.87500156 78.25000098 1 P 0
L 32.12500052 78.74999998 32.12500052 80.25000206 1 P 0
L 32.12500052 78.74999998 32.87500156 78.74999998 1 P 0
L 32.12500052 80.25000206 32.87500156 80.25000206 1 P 0
L 32.25000154 75.5000014 32.75000054 75.5000014 1 P 0
L 32.25000154 77.49999994 32.75000054 77.49999994 1 P 0
L 32.25000154 79.50000102 32.75000054 79.50000102 1 P 0
L 32.27500022 115.50000014 32.77499922 115.50000014 1 P 0
L 32.50000104 75.2500019 32.50000104 75.7500009 1 P 0
L 32.50000104 77.25000044 32.50000104 77.74999944 1 P 0
L 32.50000104 79.25000152 32.50000104 79.75000052 1 P 0
L 32.52499972 115.25000064 32.52499972 115.74999964 1 P 0
L 32.62499952 55.64999792 32.62499952 57.15 1 P 0
L 32.62499952 55.64999792 33.37500056 55.64999792 1 P 0
L 32.62499952 57.15 33.37500056 57.15 1 P 0
L 32.75000054 56.39999896 33.24999954 56.39999896 1 P 0
L 32.87500156 74.75000036 32.87500156 76.25000244 1 P 0
L 32.87500156 76.7499989 32.87500156 78.25000098 1 P 0
L 32.87500156 78.74999998 32.87500156 80.25000206 1 P 0
L 33.00000004 56.14999946 33.00000004 56.64999846 1 P 0
L 33.12500106 74.75000036 33.12500106 76.25000244 1 P 0
L 33.12500106 74.75000036 33.8750021 74.75000036 1 P 0
L 33.12500106 76.25000244 33.8750021 76.25000244 1 P 0
L 33.12500106 76.7499989 33.12500106 78.25000098 1 P 0
L 33.12500106 76.7499989 33.8750021 76.7499989 1 P 0
L 33.12500106 78.25000098 33.8750021 78.25000098 1 P 0
L 33.12500106 78.74999998 33.12500106 80.25000206 1 P 0
L 33.12500106 78.74999998 33.8750021 78.74999998 1 P 0
L 33.12500106 80.25000206 33.8750021 80.25000206 1 P 0
L 33.14999974 114.2500001 33.14999974 116.75000018 1 P 0
L 33.25000208 75.5000014 33.75000108 75.5000014 1 P 0
L 33.25000208 77.49999994 33.75000108 77.49999994 1 P 0
L 33.25000208 79.50000102 33.75000108 79.50000102 1 P 0
L 33.37500056 55.64999792 33.37500056 57.15 1 P 0
L 33.50000158 75.2500019 33.50000158 75.7500009 1 P 0
L 33.50000158 77.25000044 33.50000158 77.74999944 1 P 0
L 33.50000158 79.25000152 33.50000158 79.75000052 1 P 0
L 33.50000412 53.49999968 33.50000412 57.50000184 1 P 0
L 33.50000412 53.49999968 41.50000336 53.49999968 1 P 0
L 33.50000412 57.50000184 41.50000336 57.50000184 1 P 0
L 33.74999854 114.33750056 33.74999854 115.0875016 0 P 0
L 33.74999854 114.33750056 35.25000062 114.33750056 0 P 0
L 33.74999854 115.0875016 35.25000062 115.0875016 0 P 0
L 33.8750021 74.75000036 33.8750021 76.25000244 1 P 0
L 33.8750021 76.7499989 33.8750021 78.25000098 1 P 0
L 33.8750021 78.74999998 33.8750021 80.25000206 1 P 0
L 34.0146005 50.24999856 34.0146005 51.75000064 0 P 0
L 34.0146005 50.24999856 34.76460154 50.24999856 0 P 0
L 34.0146005 51.75000064 34.76460154 51.75000064 0 P 0
L 34.12499906 74.75000036 34.12499906 76.25000244 0 P 0
L 34.12499906 74.75000036 34.8750001 74.75000036 0 P 0
L 34.12499906 76.25000244 34.8750001 76.25000244 0 P 0
L 34.12499906 76.7499989 34.12499906 78.25000098 0 P 0
L 34.12499906 76.7499989 34.8750001 76.7499989 0 P 0
L 34.12499906 78.25000098 34.8750001 78.25000098 0 P 0
L 34.12499906 78.74999998 34.12499906 80.25000206 0 P 0
L 34.12499906 78.74999998 34.8750001 78.74999998 0 P 0
L 34.12499906 80.25000206 34.8750001 80.25000206 0 P 0
L 34.13960152 50.9999996 34.63960052 50.9999996 0 P 0
L 34.25000008 75.5000014 34.74999908 75.5000014 0 P 0
L 34.25000008 77.49999994 34.74999908 77.49999994 0 P 0
L 34.25000008 79.50000102 34.74999908 79.50000102 0 P 0
L 34.25000008 114.71250108 34.74999908 114.71250108 0 P 0
L 34.38960102 50.7500001 34.38960102 51.2499991 0 P 0
L 34.49999958 75.2500019 34.49999958 75.7500009 0 P 0
L 34.49999958 77.25000044 34.49999958 77.74999944 0 P 0
L 34.49999958 79.25000152 34.49999958 79.75000052 0 P 0
L 34.49999958 114.46250158 34.49999958 114.96250058 0 P 0
L 34.76460154 50.24999856 34.76460154 51.75000064 0 P 0
L 34.8750001 74.75000036 34.8750001 76.25000244 0 P 0
L 34.8750001 76.7499989 34.8750001 78.25000098 0 P 0
L 34.8750001 78.74999998 34.8750001 80.25000206 0 P 0
L 35.00000112 58.49999984 35.00000112 64.499998 1 P 0
L 35.00000112 58.49999984 40.00000128 58.49999984 1 P 0
L 35.00000112 64.499998 40.00000128 64.499998 1 P 0
L 35.25000062 74.90000006 35.25000062 76.1000002 1 P 0
L 35.25000062 74.90000006 36.7500027 74.90000006 1 P 0
L 35.25000062 76.1000002 36.7500027 76.1000002 1 P 0
L 35.25000062 76.8999986 35.25000062 78.09999874 1 P 0
L 35.25000062 76.8999986 36.7500027 76.8999986 1 P 0
L 35.25000062 78.09999874 36.7500027 78.09999874 1 P 0
L 35.25000062 78.89999968 35.25000062 80.09999982 1 P 0
L 35.25000062 78.89999968 36.7500027 78.89999968 1 P 0
L 35.25000062 80.09999982 36.7500027 80.09999982 1 P 0
L 35.25000062 114.33750056 35.25000062 115.0875016 0 P 0
L 35.26460054 50.24999856 35.26460054 51.75000064 1 P 0
L 35.26460054 50.24999856 36.01460158 50.24999856 1 P 0
L 35.26460054 51.75000064 36.01460158 51.75000064 1 P 0
L 35.38960156 50.9999996 35.88960056 50.9999996 1 P 0
L 35.63960106 50.7500001 35.63960106 51.2499991 1 P 0
L 35.75000216 75.5000014 36.25000116 75.5000014 1 P 0
L 35.75000216 77.49999994 36.25000116 77.49999994 1 P 0
L 35.75000216 79.50000102 36.25000116 79.50000102 1 P 0
L 36.00000166 75.2500019 36.00000166 75.7500009 1 P 0
L 36.00000166 77.25000044 36.00000166 77.74999944 1 P 0
L 36.00000166 79.25000152 36.00000166 79.75000052 1 P 0
L 36.01460158 50.24999856 36.01460158 51.75000064 1 P 0
L 36.30799952 111.84999982 36.30799952 114.1500003 2 P 0
L 36.49000068 65.24999904 36.49000068 66.75000112 1 P 0
L 36.49000068 65.24999904 37.24000172 65.24999904 1 P 0
L 36.49000068 66.75000112 37.24000172 66.75000112 1 P 0
L 36.6150017 66.00000008 37.1150007 66.00000008 1 P 0
L 36.7500027 74.90000006 36.7500027 76.1000002 1 P 0
L 36.7500027 76.8999986 36.7500027 78.09999874 1 P 0
L 36.7500027 78.89999968 36.7500027 80.09999982 1 P 0
L 36.8650012 65.75000058 36.8650012 66.24999958 1 P 0
L 37.12500068 74.75000036 37.12500068 76.25000244 1 P 0
L 37.12500068 74.75000036 37.87500172 74.75000036 1 P 0
L 37.12500068 76.25000244 37.87500172 76.25000244 1 P 0
L 37.12500068 76.7499989 37.12500068 78.25000098 1 P 0
L 37.12500068 76.7499989 37.87500172 76.7499989 1 P 0
L 37.12500068 78.25000098 37.87500172 78.25000098 1 P 0
L 37.12500068 78.74999998 37.12500068 80.25000206 1 P 0
L 37.12500068 78.74999998 37.87500172 78.74999998 1 P 0
L 37.12500068 80.25000206 37.87500172 80.25000206 1 P 0
L 37.24000172 65.24999904 37.24000172 66.75000112 1 P 0
L 37.24998646 111.67499636 37.24998646 112.4249974 1 P 0
L 37.24998646 111.67499636 38.74998854 111.67499636 1 P 0
L 37.24998646 112.4249974 38.74998854 112.4249974 1 P 0
L 37.24998646 112.624997 37.24998646 113.37499804 0 P 0
L 37.24998646 112.624997 38.74998854 112.624997 0 P 0
L 37.24998646 113.37499804 38.74998854 113.37499804 0 P 0
L 37.24998646 113.57499764 37.24998646 114.32499868 0 P 0
L 37.24998646 113.57499764 38.74998854 113.57499764 0 P 0
L 37.24998646 114.32499868 38.74998854 114.32499868 0 P 0
L 37.2500017 48.00000052 37.7500007 48.00000052 1 P 0
L 37.2500017 61.49999892 37.7500007 61.49999892 1 P 0
L 37.2500017 75.5000014 37.7500007 75.5000014 1 P 0
L 37.2500017 77.49999994 37.7500007 77.49999994 1 P 0
L 37.2500017 79.50000102 37.7500007 79.50000102 1 P 0
L 37.25000424 55.50000076 37.75000324 55.50000076 1 P 0
L 37.5000012 47.75000102 37.5000012 48.25000002 1 P 0
L 37.5000012 61.24999942 37.5000012 61.74999842 1 P 0
L 37.5000012 75.2500019 37.5000012 75.7500009 1 P 0
L 37.5000012 77.25000044 37.5000012 77.74999944 1 P 0
L 37.5000012 79.25000152 37.5000012 79.75000052 1 P 0
L 37.50000374 55.25000126 37.50000374 55.75000026 1 P 0
L 37.749988 112.04999688 38.249987 112.04999688 1 P 0
L 37.749988 112.99999752 38.249987 112.99999752 0 P 0
L 37.749988 113.94999816 38.249987 113.94999816 0 P 0
L 37.76000068 65.24999904 37.76000068 66.75000112 0 P 0
L 37.76000068 65.24999904 38.51000172 65.24999904 0 P 0
L 37.76000068 66.75000112 38.51000172 66.75000112 0 P 0
L 37.87500172 74.75000036 37.87500172 76.25000244 1 P 0
L 37.87500172 76.7499989 37.87500172 78.25000098 1 P 0
L 37.87500172 78.74999998 37.87500172 80.25000206 1 P 0
L 37.8850017 66.00000008 38.3850007 66.00000008 0 P 0
L 37.9999875 111.79999738 37.9999875 112.29999638 1 P 0
L 37.9999875 112.74999802 37.9999875 113.24999702 0 P 0
L 37.9999875 113.69999866 37.9999875 114.19999766 0 P 0
L 38.12500122 74.75000036 38.12500122 76.25000244 0 P 0
L 38.12500122 74.75000036 38.87500226 74.75000036 0 P 0
L 38.12500122 76.25000244 38.87500226 76.25000244 0 P 0
L 38.12500122 76.7499989 38.12500122 78.25000098 0 P 0
L 38.12500122 76.7499989 38.87500226 76.7499989 0 P 0
L 38.12500122 78.25000098 38.87500226 78.25000098 0 P 0
L 38.12500122 78.74999998 38.12500122 80.25000206 0 P 0
L 38.12500122 78.74999998 38.87500226 78.74999998 0 P 0
L 38.12500122 80.25000206 38.87500226 80.25000206 0 P 0
L 38.1350012 65.75000058 38.1350012 66.24999958 0 P 0
L 38.25000224 75.5000014 38.75000124 75.5000014 0 P 0
L 38.25000224 77.49999994 38.75000124 77.49999994 0 P 0
L 38.25000224 79.50000102 38.75000124 79.50000102 0 P 0
L 38.50000174 75.2500019 38.50000174 75.7500009 0 P 0
L 38.50000174 77.25000044 38.50000174 77.74999944 0 P 0
L 38.50000174 79.25000152 38.50000174 79.75000052 0 P 0
L 38.51000172 65.24999904 38.51000172 66.75000112 0 P 0
L 38.74998854 111.67499636 38.74998854 112.4249974 1 P 0
L 38.74998854 112.624997 38.74998854 113.37499804 0 P 0
L 38.74998854 113.57499764 38.74998854 114.32499868 0 P 0
L 38.87500226 74.75000036 38.87500226 76.25000244 0 P 0
L 38.87500226 76.7499989 38.87500226 78.25000098 0 P 0
L 38.87500226 78.74999998 38.87500226 80.25000206 0 P 0
L 39.01460066 50.24999856 39.01460066 51.75000064 1 P 0
L 39.01460066 50.24999856 39.7646017 50.24999856 1 P 0
L 39.01460066 51.75000064 39.7646017 51.75000064 1 P 0
L 39.03000322 65.24999904 39.03000322 66.75000112 1 P 0
L 39.03000322 65.24999904 39.78000426 65.24999904 1 P 0
L 39.03000322 66.75000112 39.78000426 66.75000112 1 P 0
L 39.13960168 50.9999996 39.63960068 50.9999996 1 P 0
L 39.15500424 66.00000008 39.65500324 66.00000008 1 P 0
L 39.38960118 50.7500001 39.38960118 51.2499991 1 P 0
L 39.40500374 65.75000058 39.40500374 66.24999958 1 P 0
L 39.49998704 111.49999798 39.49998704 114.49999706 1 P 0
L 39.49998704 111.49999798 42.49998612 111.49999798 1 P 0
L 39.49998704 114.49999706 42.49998612 114.49999706 1 P 0
L 39.7646017 50.24999856 39.7646017 51.75000064 1 P 0
L 39.78000426 65.24999904 39.78000426 66.75000112 1 P 0
L 40.00000128 58.49999984 40.00000128 64.499998 1 P 0
L 40.12499976 58.149998 40.12499976 59.65000008 0 P 0
L 40.12499976 58.149998 40.8750008 58.149998 0 P 0
L 40.12499976 59.65000008 40.8750008 59.65000008 0 P 0
L 40.25000078 58.89999904 40.74999978 58.89999904 0 P 0
L 40.25540082 76.66179994 40.25540082 78.33819994 1 P 0
L 40.25540082 76.66179994 42.74460082 76.66179994 1 P 0
L 40.25540082 78.33819994 42.74460082 78.33819994 1 P 0
L 40.2646007 50.24999856 40.2646007 51.75000064 0 P 0
L 40.2646007 50.24999856 41.01460174 50.24999856 0 P 0
L 40.2646007 51.75000064 41.01460174 51.75000064 0 P 0
L 40.38960172 50.9999996 40.88960072 50.9999996 0 P 0
L 40.50000028 58.64999954 40.50000028 59.14999854 0 P 0
L 40.63960122 50.7500001 40.63960122 51.2499991 0 P 0
L 40.74998708 112.99999752 41.24998608 112.99999752 1 P 0
L 40.8750008 58.149998 40.8750008 59.65000008 0 P 0
L 40.99998658 112.74999802 40.99998658 113.24999702 1 P 0
L 41.01460174 50.24999856 41.01460174 51.75000064 0 P 0
L 41.20000142 77.47459994 41.80000022 77.47459994 1 P 0
L 41.50000082 77.17460054 41.50000082 77.77459934 1 P 0
L 41.50000336 53.49999968 41.50000336 57.50000184 1 P 0
L 41.6249993 55.64999792 41.6249993 57.15 1 P 0
L 41.6249993 55.64999792 42.37500034 55.64999792 1 P 0
L 41.6249993 57.15 42.37500034 57.15 1 P 0
L 41.75000032 56.39999896 42.24999932 56.39999896 1 P 0
L 41.99999982 56.14999946 41.99999982 56.64999846 1 P 0
L 42.37500034 55.64999792 42.37500034 57.15 1 P 0
L 42.49998612 111.49999798 42.49998612 114.49999706 1 P 0
L 42.74460082 76.66179994 42.74460082 78.33819994 1 P 0
L 43.04499392 111.67499636 43.04499392 112.4249974 0 P 0
L 43.04499392 111.67499636 44.544996 111.67499636 0 P 0
L 43.04499392 112.4249974 44.544996 112.4249974 0 P 0
L 43.04499392 112.624997 43.04499392 113.37499804 0 P 0
L 43.04499392 112.624997 44.544996 112.624997 0 P 0
L 43.04499392 113.37499804 44.544996 113.37499804 0 P 0
L 43.12500138 76.7499989 43.12500138 78.25000098 0 P 0
L 43.12500138 76.7499989 43.87500242 76.7499989 0 P 0
L 43.12500138 78.25000098 43.87500242 78.25000098 0 P 0
L 43.2500024 77.49999994 43.7500014 77.49999994 0 P 0
L 43.5000019 77.25000044 43.5000019 77.74999944 0 P 0
L 43.54499546 112.04999688 44.04499446 112.04999688 0 P 0
L 43.54499546 112.99999752 44.04499446 112.99999752 0 P 0
L 43.79499496 111.79999738 43.79499496 112.29999638 0 P 0
L 43.79499496 112.74999802 43.79499496 113.24999702 0 P 0
L 43.87500242 76.7499989 43.87500242 78.25000098 0 P 0
L 44.50000244 44.0000009 44.50000244 50.0000016 1 P 0
L 44.544996 111.67499636 44.544996 112.4249974 0 P 0
L 44.544996 112.624997 44.544996 113.37499804 0 P 0
L 45.4999979 44.0000009 45.4999979 50.0000016 1 P 0
L 45.4999979 44.0000009 59.50000038 44.0000009 1 P 0
L 45.4999979 50.0000016 59.50000038 50.0000016 1 P 0
L 45.69998734 96.99999904 46.29998614 96.99999904 2 P 0
L 45.7624942 111.42499686 45.7624942 112.6749969 1 P 0
L 45.7624942 111.42499686 48.26249428 111.42499686 1 P 0
L 45.7624942 112.6749969 48.26249428 112.6749969 1 P 0
L 45.79999222 113.49999906 45.79999222 117.50000122 1 P 0
L 45.79999222 113.49999906 49.79999438 113.49999906 1 P 0
L 45.79999222 117.50000122 49.79999438 117.50000122 1 P 0
L 45.99998674 96.69999964 45.99998674 97.29999844 2 P 0
L 46.76249474 112.04999688 47.26249374 112.04999688 1 P 0
L 47.01249424 111.79999738 47.01249424 112.29999638 1 P 0
L 47.5499938 115.50000014 48.0499928 115.50000014 1 P 0
L 47.625 55.65000046 47.625 57.15000254 1 P 0
L 47.625 55.65000046 48.37500104 55.65000046 1 P 0
L 47.625 57.15000254 48.37500104 57.15000254 1 P 0
L 47.75000102 56.4000015 48.25000002 56.4000015 1 P 0
L 47.7999933 115.25000064 47.7999933 115.74999964 1 P 0
L 48.00000052 56.150002 48.00000052 56.650001 1 P 0
L 48.26249428 111.42499686 48.26249428 112.6749969 1 P 0
L 48.37500104 55.65000046 48.37500104 57.15000254 1 P 0
L 48.50000206 53.49999968 48.50000206 57.50000184 1 P 0
L 48.50000206 53.49999968 56.5000013 53.49999968 1 P 0
L 48.50000206 57.50000184 56.5000013 57.50000184 1 P 0
L 49.01459844 50.24999856 49.01459844 51.75000064 0 P 0
L 49.01459844 50.24999856 49.76459948 50.24999856 0 P 0
L 49.01459844 51.75000064 49.76459948 51.75000064 0 P 0
L 49.13959946 50.9999996 49.63959846 50.9999996 0 P 0
L 49.38959896 50.7500001 49.38959896 51.2499991 0 P 0
L 49.76459948 50.24999856 49.76459948 51.75000064 0 P 0
L 49.79999438 113.49999906 49.79999438 117.50000122 1 P 0
L 49.99999906 58.49999984 49.99999906 64.499998 1 P 0
L 49.99999906 58.49999984 54.99999922 58.49999984 1 P 0
L 49.99999906 64.499998 54.99999922 64.499998 1 P 0
L 50.26459848 50.24999856 50.26459848 51.75000064 1 P 0
L 50.26459848 50.24999856 51.01459952 50.24999856 1 P 0
L 50.26459848 51.75000064 51.01459952 51.75000064 1 P 0
L 50.3895995 50.9999996 50.8895985 50.9999996 1 P 0
L 50.639599 50.7500001 50.639599 51.2499991 1 P 0
L 51.01459952 50.24999856 51.01459952 51.75000064 1 P 0
L 51.48999862 65.25000158 51.48999862 66.75000366 1 P 0
L 51.48999862 65.25000158 52.23999966 65.25000158 1 P 0
L 51.48999862 66.75000366 52.23999966 66.75000366 1 P 0
L 51.61499964 66.00000262 52.11499864 66.00000262 1 P 0
L 51.86499914 65.75000312 51.86499914 66.25000212 1 P 0
L 52.23999966 65.25000158 52.23999966 66.75000366 1 P 0
L 52.24999964 48.00000052 52.74999864 48.00000052 1 P 0
L 52.24999964 61.49999892 52.74999864 61.49999892 1 P 0
L 52.25000218 55.50000076 52.75000118 55.50000076 1 P 0
L 52.49999914 47.75000102 52.49999914 48.25000002 1 P 0
L 52.49999914 61.24999942 52.49999914 61.74999842 1 P 0
L 52.50000168 55.25000126 52.50000168 55.75000026 1 P 0
L 52.75999862 65.24999904 52.75999862 66.75000112 0 P 0
L 52.75999862 65.24999904 53.50999966 65.24999904 0 P 0
L 52.75999862 66.75000112 53.50999966 66.75000112 0 P 0
L 52.88499964 66.00000008 53.38499864 66.00000008 0 P 0
L 53.13499914 65.75000058 53.13499914 66.24999958 0 P 0
L 53.25000018 114.62500062 53.25000018 115.37500166 1 P 0
L 53.25000018 114.62500062 54.75000226 114.62500062 1 P 0
L 53.25000018 115.37500166 54.75000226 115.37500166 1 P 0
L 53.25000018 115.62499862 53.25000018 116.37499966 0 P 0
L 53.25000018 115.62499862 54.75000226 115.62499862 0 P 0
L 53.25000018 116.37499966 54.75000226 116.37499966 0 P 0
L 53.25000018 116.62499916 53.25000018 117.3750002 1 P 0
L 53.25000018 116.62499916 54.75000226 116.62499916 1 P 0
L 53.25000018 117.3750002 54.75000226 117.3750002 1 P 0
L 53.39999988 112.74999802 53.39999988 114.2500001 1 P 0
L 53.39999988 112.74999802 54.60000002 112.74999802 1 P 0
L 53.39999988 114.2500001 54.60000002 114.2500001 1 P 0
L 53.50999966 65.24999904 53.50999966 66.75000112 0 P 0
L 53.75000172 113.49999906 54.25000072 113.49999906 1 P 0
L 53.75000172 115.00000114 54.25000072 115.00000114 1 P 0
L 53.75000172 115.99999914 54.25000072 115.99999914 0 P 0
L 53.75000172 116.99999968 54.25000072 116.99999968 1 P 0
L 54.00000122 113.24999956 54.00000122 113.74999856 1 P 0
L 54.00000122 114.75000164 54.00000122 115.25000064 1 P 0
L 54.00000122 115.74999964 54.00000122 116.24999864 0 P 0
L 54.00000122 116.75000018 54.00000122 117.24999918 1 P 0
L 54.0145986 50.24999856 54.0145986 51.75000064 1 P 0
L 54.0145986 50.24999856 54.76459964 50.24999856 1 P 0
L 54.0145986 51.75000064 54.76459964 51.75000064 1 P 0
L 54.03000116 65.24999904 54.03000116 66.75000112 1 P 0
L 54.03000116 65.24999904 54.7800022 65.24999904 1 P 0
L 54.03000116 66.75000112 54.7800022 66.75000112 1 P 0
L 54.13959962 50.9999996 54.63959862 50.9999996 1 P 0
L 54.15500218 66.00000008 54.65500118 66.00000008 1 P 0
L 54.38959912 50.7500001 54.38959912 51.2499991 1 P 0
L 54.40500168 65.75000058 54.40500168 66.24999958 1 P 0
L 54.60000002 112.74999802 54.60000002 114.2500001 1 P 0
L 54.75000226 114.62500062 54.75000226 115.37500166 1 P 0
L 54.75000226 115.62499862 54.75000226 116.37499966 0 P 0
L 54.75000226 116.62499916 54.75000226 117.3750002 1 P 0
L 54.76459964 50.24999856 54.76459964 51.75000064 1 P 0
L 54.7800022 65.24999904 54.7800022 66.75000112 1 P 0
L 54.99999922 58.49999984 54.99999922 64.499998 1 P 0
L 55.12500024 58.149998 55.12500024 59.65000008 0 P 0
L 55.12500024 58.149998 55.87500128 58.149998 0 P 0
L 55.12500024 59.65000008 55.87500128 59.65000008 0 P 0
L 55.24999872 114.62500062 55.24999872 115.37500166 1 P 0
L 55.24999872 114.62500062 56.7500008 114.62500062 1 P 0
L 55.24999872 115.37500166 56.7500008 115.37500166 1 P 0
L 55.24999872 115.62499862 55.24999872 116.37499966 0 P 0
L 55.24999872 115.62499862 56.7500008 115.62499862 0 P 0
L 55.24999872 116.37499966 56.7500008 116.37499966 0 P 0
L 55.24999872 116.62499916 55.24999872 117.3750002 1 P 0
L 55.24999872 116.62499916 56.7500008 116.62499916 1 P 0
L 55.24999872 117.3750002 56.7500008 117.3750002 1 P 0
L 55.25000126 58.89999904 55.75000026 58.89999904 0 P 0
L 55.26459864 50.24999856 55.26459864 51.75000064 0 P 0
L 55.26459864 50.24999856 56.01459968 50.24999856 0 P 0
L 55.26459864 51.75000064 56.01459968 51.75000064 0 P 0
L 55.38959966 50.9999996 55.88959866 50.9999996 0 P 0
L 55.39999842 112.74999802 55.39999842 114.2500001 1 P 0
L 55.39999842 112.74999802 56.59999856 112.74999802 1 P 0
L 55.39999842 114.2500001 56.59999856 114.2500001 1 P 0
L 55.50000076 58.64999954 55.50000076 59.14999854 0 P 0
L 55.63959916 50.7500001 55.63959916 51.2499991 0 P 0
L 55.75000026 113.49999906 56.24999926 113.49999906 1 P 0
L 55.75000026 115.00000114 56.24999926 115.00000114 1 P 0
L 55.75000026 115.99999914 56.24999926 115.99999914 0 P 0
L 55.75000026 116.99999968 56.24999926 116.99999968 1 P 0
L 55.87500128 58.149998 55.87500128 59.65000008 0 P 0
L 55.99999976 113.24999956 55.99999976 113.74999856 1 P 0
L 55.99999976 114.75000164 55.99999976 115.25000064 1 P 0
L 55.99999976 115.74999964 55.99999976 116.24999864 0 P 0
L 55.99999976 116.75000018 55.99999976 117.24999918 1 P 0
L 56.01459968 50.24999856 56.01459968 51.75000064 0 P 0
L 56.5000013 53.49999968 56.5000013 57.50000184 1 P 0
L 56.5000013 72.49999978 56.5000013 82.5000001 1 P 0
L 56.5000013 72.49999978 65.00000208 72.49999978 1 P 0
L 56.5000013 82.5000001 65.00000208 82.5000001 1 P 0
L 56.59999856 112.74999802 56.59999856 114.2500001 1 P 0
L 56.62499978 55.64999792 56.62499978 57.15 1 P 0
L 56.62499978 55.64999792 57.37500082 55.64999792 1 P 0
L 56.62499978 57.15 57.37500082 57.15 1 P 0
L 56.7500008 56.39999896 57.2499998 56.39999896 1 P 0
L 56.7500008 114.62500062 56.7500008 115.37500166 1 P 0
L 56.7500008 115.62499862 56.7500008 116.37499966 0 P 0
L 56.7500008 116.62499916 56.7500008 117.3750002 1 P 0
L 57.0000003 56.14999946 57.0000003 56.64999846 1 P 0
L 57.2499998 114.62500062 57.2499998 115.37500166 1 P 0
L 57.2499998 114.62500062 58.75000188 114.62500062 1 P 0
L 57.2499998 115.37500166 58.75000188 115.37500166 1 P 0
L 57.2499998 115.62499862 57.2499998 116.37499966 0 P 0
L 57.2499998 115.62499862 58.75000188 115.62499862 0 P 0
L 57.2499998 116.37499966 58.75000188 116.37499966 0 P 0
L 57.2499998 116.62499916 57.2499998 117.3750002 1 P 0
L 57.2499998 116.62499916 58.75000188 116.62499916 1 P 0
L 57.2499998 117.3750002 58.75000188 117.3750002 1 P 0
L 57.37500082 55.64999792 57.37500082 57.15 1 P 0
L 57.3999995 112.74999802 57.3999995 114.2500001 1 P 0
L 57.3999995 112.74999802 58.59999964 112.74999802 1 P 0
L 57.3999995 114.2500001 58.59999964 114.2500001 1 P 0
L 57.75000134 113.49999906 58.25000034 113.49999906 1 P 0
L 57.75000134 115.00000114 58.25000034 115.00000114 1 P 0
L 57.75000134 115.99999914 58.25000034 115.99999914 0 P 0
L 57.75000134 116.99999968 58.25000034 116.99999968 1 P 0
L 58.00000084 113.24999956 58.00000084 113.74999856 1 P 0
L 58.00000084 114.75000164 58.00000084 115.25000064 1 P 0
L 58.00000084 115.74999964 58.00000084 116.24999864 0 P 0
L 58.00000084 116.75000018 58.00000084 117.24999918 1 P 0
L 58.59999964 112.74999802 58.59999964 114.2500001 1 P 0
L 58.75000188 114.62500062 58.75000188 115.37500166 1 P 0
L 58.75000188 115.62499862 58.75000188 116.37499966 0 P 0
L 58.75000188 116.62499916 58.75000188 117.3750002 1 P 0
L 59.50000038 44.0000009 59.50000038 50.0000016 1 P 0
L 60.09698674 82.90299904 60.09698674 111.09699904 2 P 0
L 61.24999942 88.62499928 61.24999942 89.37500032 1 P 0
L 61.24999942 88.62499928 62.7500015 88.62499928 1 P 0
L 61.24999942 89.37500032 62.7500015 89.37500032 1 P 0
L 61.24999942 90.62500036 61.24999942 91.3750014 0 P 0
L 61.24999942 90.62500036 62.7500015 90.62500036 0 P 0
L 61.24999942 91.3750014 62.7500015 91.3750014 0 P 0
L 61.24999942 94.62499998 61.24999942 95.37500102 0 P 0
L 61.24999942 94.62499998 62.7500015 94.62499998 0 P 0
L 61.24999942 95.37500102 62.7500015 95.37500102 0 P 0
L 61.24999942 95.62500052 61.24999942 96.37500156 1 P 0
L 61.24999942 95.62500052 62.7500015 95.62500052 1 P 0
L 61.24999942 96.37500156 62.7500015 96.37500156 1 P 0
L 61.24999942 96.62499852 61.24999942 97.37499956 0 P 0
L 61.24999942 96.62499852 62.7500015 96.62499852 0 P 0
L 61.24999942 97.37499956 62.7500015 97.37499956 0 P 0
L 61.24999942 101.62499868 61.24999942 102.37499972 1 P 0
L 61.24999942 101.62499868 62.7500015 101.62499868 1 P 0
L 61.24999942 102.37499972 62.7500015 102.37499972 1 P 0
L 61.24999942 102.62499922 61.24999942 103.37500026 1 P 0
L 61.24999942 102.62499922 62.7500015 102.62499922 1 P 0
L 61.24999942 103.37500026 62.7500015 103.37500026 1 P 0
L 61.24999942 103.62499976 61.24999942 104.3750008 0 P 0
L 61.24999942 103.62499976 62.7500015 103.62499976 0 P 0
L 61.24999942 104.3750008 62.7500015 104.3750008 0 P 0
L 61.24999942 106.62499884 61.24999942 107.37499988 1 P 0
L 61.24999942 106.62499884 62.7500015 106.62499884 1 P 0
L 61.24999942 107.37499988 62.7500015 107.37499988 1 P 0
L 61.24999942 107.62499938 61.24999942 108.37500042 0 P 0
L 61.24999942 107.62499938 62.7500015 107.62499938 0 P 0
L 61.24999942 108.37500042 62.7500015 108.37500042 0 P 0
L 61.24999942 108.62499992 61.24999942 109.37500096 1 P 0
L 61.24999942 108.62499992 62.7500015 108.62499992 1 P 0
L 61.24999942 109.37500096 62.7500015 109.37500096 1 P 0
L 61.24999942 109.62500046 61.24999942 110.3750015 0 P 0
L 61.24999942 109.62500046 62.7500015 109.62500046 0 P 0
L 61.24999942 110.3750015 62.7500015 110.3750015 0 P 0
L 61.25000196 89.62499982 61.25000196 90.37500086 1 P 0
L 61.25000196 89.62499982 62.75000404 89.62499982 1 P 0
L 61.25000196 90.37500086 62.75000404 90.37500086 1 P 0
L 61.25000196 93.62499944 61.25000196 94.37500048 1 P 0
L 61.25000196 93.62499944 62.75000404 93.62499944 1 P 0
L 61.25000196 94.37500048 62.75000404 94.37500048 1 P 0
L 61.25000196 100.62500068 61.25000196 101.37500172 1 P 0
L 61.25000196 100.62500068 62.75000404 100.62500068 1 P 0
L 61.25000196 101.37500172 62.75000404 101.37500172 1 P 0
L 61.40000166 91.74999938 61.40000166 93.25000146 1 P 0
L 61.40000166 91.74999938 62.6000018 91.74999938 1 P 0
L 61.40000166 93.25000146 62.6000018 93.25000146 1 P 0
L 61.40000166 104.74999878 61.40000166 106.25000086 1 P 0
L 61.40000166 104.74999878 62.6000018 104.74999878 1 P 0
L 61.40000166 106.25000086 62.6000018 106.25000086 1 P 0
L 61.75000096 88.9999998 62.24999996 88.9999998 1 P 0
L 61.75000096 91.00000088 62.24999996 91.00000088 0 P 0
L 61.75000096 92.50000042 62.24999996 92.50000042 1 P 0
L 61.75000096 95.0000005 62.24999996 95.0000005 0 P 0
L 61.75000096 96.00000104 62.24999996 96.00000104 1 P 0
L 61.75000096 96.99999904 62.24999996 96.99999904 0 P 0
L 61.75000096 101.9999992 62.24999996 101.9999992 1 P 0
L 61.75000096 102.99999974 62.24999996 102.99999974 1 P 0
L 61.75000096 104.00000028 62.24999996 104.00000028 0 P 0
L 61.75000096 105.49999982 62.24999996 105.49999982 1 P 0
L 61.75000096 106.99999936 62.24999996 106.99999936 1 P 0
L 61.75000096 107.9999999 62.24999996 107.9999999 0 P 0
L 61.75000096 109.00000044 62.24999996 109.00000044 1 P 0
L 61.75000096 110.00000098 62.24999996 110.00000098 0 P 0
L 61.7500035 90.00000034 62.2500025 90.00000034 1 P 0
L 61.7500035 93.99999996 62.2500025 93.99999996 1 P 0
L 61.7500035 101.0000012 62.2500025 101.0000012 1 P 0
L 62.00000046 88.7500003 62.00000046 89.2499993 1 P 0
L 62.00000046 90.75000138 62.00000046 91.25000038 0 P 0
L 62.00000046 92.25000092 62.00000046 92.74999992 1 P 0
L 62.00000046 94.750001 62.00000046 95.25 0 P 0
L 62.00000046 95.75000154 62.00000046 96.25000054 1 P 0
L 62.00000046 96.74999954 62.00000046 97.24999854 0 P 0
L 62.00000046 101.7499997 62.00000046 102.2499987 1 P 0
L 62.00000046 102.75000024 62.00000046 103.24999924 1 P 0
L 62.00000046 103.75000078 62.00000046 104.24999978 0 P 0
L 62.00000046 105.25000032 62.00000046 105.74999932 1 P 0
L 62.00000046 106.74999986 62.00000046 107.24999886 1 P 0
L 62.00000046 107.7500004 62.00000046 108.2499994 0 P 0
L 62.00000046 108.75000094 62.00000046 109.24999994 1 P 0
L 62.00000046 109.75000148 62.00000046 110.25000048 0 P 0
L 62.000003 89.75000084 62.000003 90.24999984 1 P 0
L 62.000003 93.75000046 62.000003 94.24999946 1 P 0
L 62.000003 100.7500017 62.000003 101.2500007 1 P 0
L 62.6000018 91.74999938 62.6000018 93.25000146 1 P 0
L 62.6000018 104.74999878 62.6000018 106.25000086 1 P 0
L 62.7500015 77.49999994 63.2500005 77.49999994 1 P 0
L 62.7500015 88.62499928 62.7500015 89.37500032 1 P 0
L 62.7500015 90.62500036 62.7500015 91.3750014 0 P 0
L 62.7500015 94.62499998 62.7500015 95.37500102 0 P 0
L 62.7500015 95.62500052 62.7500015 96.37500156 1 P 0
L 62.7500015 96.62499852 62.7500015 97.37499956 0 P 0
L 62.7500015 101.62499868 62.7500015 102.37499972 1 P 0
L 62.7500015 102.62499922 62.7500015 103.37500026 1 P 0
L 62.7500015 103.62499976 62.7500015 104.3750008 0 P 0
L 62.7500015 106.62499884 62.7500015 107.37499988 1 P 0
L 62.7500015 107.62499938 62.7500015 108.37500042 0 P 0
L 62.7500015 108.62499992 62.7500015 109.37500096 1 P 0
L 62.7500015 109.62500046 62.7500015 110.3750015 0 P 0
L 62.75000404 89.62499982 62.75000404 90.37500086 1 P 0
L 62.75000404 93.62499944 62.75000404 94.37500048 1 P 0
L 62.75000404 100.62500068 62.75000404 101.37500172 1 P 0
L 63.000001 77.25000044 63.000001 77.74999944 1 P 0
L 65.00000208 72.49999978 65.00000208 82.5000001 1 P 0
