#Layer_Color=32896
#
#Feature symbol names
#
$0 r0.3937
$1 r0.7874

#
#Feature attribute names
#

#
#Layer features
#
L -0.0125984 0.0787402 -0.0125984 0.3149607 0 P 0
L -0.0125984 0.0787402 0.3811024 0.0787402 0 P 0
L -0.0125984 0.3149607 0.3811024 0.3149607 0 P 0
L 0.0984252 1.0629921 0.0984252 1.3779527 0 P 0
L 0.0984252 1.0629921 0.5511811 1.0629921 0 P 0
L 0.0984252 1.3779527 0.5511811 1.3779527 0 P 0
L 0.1181101 1.4173228 0.1181101 1.6535433 0 P 0
L 0.1181101 1.4173228 0.6692913 1.4173228 0 P 0
L 0.1181101 1.6535433 0.6692913 1.6535433 0 P 0
L 0.1279527 0.8277558 0.1279527 0.8572834 1 P 0
L 0.1279527 0.8277558 0.1870079 0.8277558 1 P 0
L 0.1279527 0.8572834 0.1870079 0.8572834 1 P 0
L 0.1279528 1.3533465 0.1279528 1.4025591 0 P 0
L 0.1279528 1.3533465 0.226378 1.3533465 0 P 0
L 0.1279528 1.4025591 0.226378 1.4025591 0 P 0
L 0.1448819 0.3248031 0.1448819 0.3838583 1 P 0
L 0.1448819 0.3248031 0.1744095 0.3248031 1 P 0
L 0.1448819 0.3838583 0.1744095 0.3838583 1 P 0
L 0.1476378 0.8425196 0.1673228 0.8425196 1 P 0
L 0.1498032 0.3543307 0.1694882 0.3543307 1 P 0
L 0.1574803 0.8326771 0.1574803 0.8523621 1 P 0
L 0.1596457 0.3444882 0.1596457 0.3641732 1 P 0
L 0.1673229 1.3779528 0.1870079 1.3779528 0 P 0
L 0.1744095 0.2362205 0.1940945 0.2362205 0 P 0
L 0.1744095 0.3248031 0.1744095 0.3838583 1 P 0
L 0.1771654 1.3681103 0.1771654 1.3877953 0 P 0
L 0.184252 0.226378 0.184252 0.246063 0 P 0
L 0.1870079 0.8277558 0.1870079 0.8572834 1 P 0
L 0.1940946 0.3248031 0.1940946 0.3838583 0 P 0
L 0.1940946 0.3248031 0.2236222 0.3248031 0 P 0
L 0.1940946 0.3838583 0.2236222 0.3838583 0 P 0
L 0.1968504 0.6299212 0.1968504 1.023622 0 P 0
L 0.1968504 0.6299212 0.5905512 0.6299212 0 P 0
L 0.1968504 1.023622 0.5905512 1.023622 0 P 0
L 0.1990159 0.3543307 0.2187009 0.3543307 0 P 0
L 0.2088584 0.3444882 0.2088584 0.3641732 0 P 0
L 0.2236222 0.3248031 0.2236222 0.3838583 0 P 0
L 0.226378 1.3533465 0.226378 1.4025591 0 P 0
L 0.246063 1.363189 0.246063 1.3927166 1 P 0
L 0.246063 1.363189 0.3051182 1.363189 1 P 0
L 0.246063 1.3927166 0.3051182 1.3927166 1 P 0
L 0.2657481 1.3779528 0.2854331 1.3779528 1 P 0
L 0.2755906 1.3681103 0.2755906 1.3877953 1 P 0
L 0.3051182 1.363189 0.3051182 1.3927166 1 P 0
L 0.363189 0.5610235 0.363189 0.6200787 1 P 0
L 0.363189 0.5610235 0.3927166 0.5610235 1 P 0
L 0.363189 0.6200787 0.3927166 0.6200787 1 P 0
L 0.3681103 0.5905511 0.3877953 0.5905511 1 P 0
L 0.3779528 0.5807086 0.3779528 0.6003936 1 P 0
L 0.3811024 0.0787402 0.3811024 0.3149607 0 P 0
L 0.3838582 1.496063 0.4035432 1.496063 0 P 0
L 0.3838583 0.8267716 0.4035433 0.8267716 0 P 0
L 0.3927166 0.5610235 0.3927166 0.6200787 1 P 0
L 0.3937007 1.4862205 0.3937007 1.5059055 0 P 0
L 0.3937008 0.8169291 0.3937008 0.8366141 0 P 0
L 0.394685 0.5610235 0.394685 0.6200787 0 P 0
L 0.394685 0.5610235 0.4242126 0.5610235 0 P 0
L 0.394685 0.6200787 0.4242126 0.6200787 0 P 0
L 0.3996063 0.5905511 0.4192913 0.5905511 0 P 0
L 0.4062992 0.0787402 0.4062992 0.3149607 0 P 0
L 0.4062992 0.0787402 0.8 0.0787402 0 P 0
L 0.4062992 0.3149607 0.8 0.3149607 0 P 0
L 0.4094488 0.5807086 0.4094488 0.6003936 0 P 0
L 0.4242126 0.5610235 0.4242126 0.6200787 0 P 0
L 0.4261811 0.5610235 0.4261811 0.6200787 0 P 0
L 0.4261811 0.5610235 0.4557087 0.5610235 0 P 0
L 0.4261811 0.6200787 0.4557087 0.6200787 0 P 0
L 0.4311024 0.5905511 0.4507874 0.5905511 0 P 0
L 0.4409449 0.5807086 0.4409449 0.6003936 0 P 0
L 0.4557087 0.5610235 0.4557087 0.6200787 0 P 0
L 0.4576772 0.5610235 0.4576772 0.6200787 1 P 0
L 0.4576772 0.5610235 0.4872048 0.5610235 1 P 0
L 0.4576772 0.6200787 0.4872048 0.6200787 1 P 0
L 0.4625985 0.5905511 0.4822835 0.5905511 1 P 0
L 0.472441 0.5807086 0.472441 0.6003936 1 P 0
L 0.4872048 0.5610235 0.4872048 0.6200787 1 P 0
L 0.4891733 0.5610235 0.4891733 0.6200787 0 P 0
L 0.4891733 0.5610235 0.5187009 0.5610235 0 P 0
L 0.4891733 0.6200787 0.5187009 0.6200787 0 P 0
L 0.4940946 0.5905511 0.5137796 0.5905511 0 P 0
L 0.5039371 0.5807086 0.5039371 0.6003936 0 P 0
L 0.5187009 0.5610235 0.5187009 0.6200787 0 P 0
L 0.5511811 1.0629921 0.5511811 1.3779527 0 P 0
L 0.5637795 0.3248031 0.5637795 0.3838583 1 P 0
L 0.5637795 0.3248031 0.5933071 0.3248031 1 P 0
L 0.5637795 0.3838583 0.5933071 0.3838583 1 P 0
L 0.5687008 0.3543307 0.5883858 0.3543307 1 P 0
L 0.5708662 1.1614173 0.5708662 1.2795275 0 P 0
L 0.5708662 1.1614173 0.6889764 1.1614173 0 P 0
L 0.5708662 1.2795275 0.6889764 1.2795275 0 P 0
L 0.5777559 1.0728346 0.5777559 1.1318898 1 P 0
L 0.5777559 1.0728346 0.6072835 1.0728346 1 P 0
L 0.5777559 1.1318898 0.6072835 1.1318898 1 P 0
L 0.5777559 1.3090551 0.5777559 1.3681103 1 P 0
L 0.5777559 1.3090551 0.6072835 1.3090551 1 P 0
L 0.5777559 1.3681103 0.6072835 1.3681103 1 P 0
L 0.5785433 0.3444882 0.5785433 0.3641732 1 P 0
L 0.5826772 1.1023622 0.6023622 1.1023622 1 P 0
L 0.5826772 1.3385827 0.6023622 1.3385827 1 P 0
L 0.5905512 0.6299212 0.5905512 1.023622 0 P 0
L 0.5925197 1.0925197 0.5925197 1.1122047 1 P 0
L 0.5925197 1.3287402 0.5925197 1.3484252 1 P 0
L 0.5933071 0.2362205 0.6129921 0.2362205 0 P 0
L 0.5933071 0.3248031 0.5933071 0.3838583 1 P 0
L 0.6003937 0.7962598 0.6003937 0.8257874 1 P 0
L 0.6003937 0.7962598 0.6594489 0.7962598 1 P 0
L 0.6003937 0.8257874 0.6594489 0.8257874 1 P 0
L 0.6003937 0.8592519 0.6003937 0.8887795 1 P 0
L 0.6003937 0.8592519 0.6594489 0.8592519 1 P 0
L 0.6003937 0.8887795 0.6594489 0.8887795 1 P 0
L 0.6031496 0.226378 0.6031496 0.246063 0 P 0
L 0.6072835 1.0728346 0.6072835 1.1318898 1 P 0
L 0.6072835 1.3090551 0.6072835 1.3681103 1 P 0
L 0.6129922 0.3248031 0.6129922 0.3838583 0 P 0
L 0.6129922 0.3248031 0.6425198 0.3248031 0 P 0
L 0.6129922 0.3838583 0.6425198 0.3838583 0 P 0
L 0.6151576 1.0728346 0.6151576 1.1318898 0 P 0
L 0.6151576 1.0728346 0.6446852 1.0728346 0 P 0
L 0.6151576 1.1318898 0.6446852 1.1318898 0 P 0
L 0.6151576 1.3090551 0.6151576 1.3681103 0 P 0
L 0.6151576 1.3090551 0.6446852 1.3090551 0 P 0
L 0.6151576 1.3681103 0.6446852 1.3681103 0 P 0
L 0.6179135 0.3543307 0.6375985 0.3543307 0 P 0
L 0.6200788 0.8110236 0.6397638 0.8110236 1 P 0
L 0.6200788 0.8740157 0.6397638 0.8740157 1 P 0
L 0.6200788 1.2204724 0.6397638 1.2204724 0 P 0
L 0.6200789 1.1023622 0.6397639 1.1023622 0 P 0
L 0.6200789 1.3385827 0.6397639 1.3385827 0 P 0
L 0.627756 0.3444882 0.627756 0.3641732 0 P 0
L 0.6299213 0.8011811 0.6299213 0.8208661 1 P 0
L 0.6299213 0.8641732 0.6299213 0.8838582 1 P 0
L 0.6299213 1.2106299 0.6299213 1.2303149 0 P 0
L 0.6299214 1.0925197 0.6299214 1.1122047 0 P 0
L 0.6299214 1.3287402 0.6299214 1.3484252 0 P 0
L 0.6425198 0.3248031 0.6425198 0.3838583 0 P 0
L 0.6446852 1.0728346 0.6446852 1.1318898 0 P 0
L 0.6446852 1.3090551 0.6446852 1.3681103 0 P 0
L 0.6525591 1.0728346 0.6525591 1.1318898 1 P 0
L 0.6525591 1.0728346 0.6820867 1.0728346 1 P 0
L 0.6525591 1.1318898 0.6820867 1.1318898 1 P 0
L 0.6574804 1.1023622 0.6771654 1.1023622 1 P 0
L 0.6594489 0.7962598 0.6594489 0.8257874 1 P 0
L 0.6594489 0.8592519 0.6594489 0.8887795 1 P 0
L 0.6673229 1.0925197 0.6673229 1.1122047 1 P 0
L 0.6692913 1.4173228 0.6692913 1.6535433 0 P 0
L 0.6820867 1.0728346 0.6820867 1.1318898 1 P 0
L 0.6889764 1.1614173 0.6889764 1.2795275 0 P 0
L 0.8 0.0787402 0.8 0.3149607 0 P 0
