#Layer_Color=32768
#
#Feature symbol names
#
$0 r0.3937
$1 r0.7874

#
#Feature attribute names
#

#
#Layer features
#
L -0.0125984 0.0787402 -0.0125984 0.3149607 0 P 0
L -0.0125984 0.0787402 0.3811024 0.0787402 0 P 0
L -0.0125984 0.3149607 0.3811024 0.3149607 0 P 0
L 0.0984252 1.0629921 0.0984252 1.3779527 0 P 0
L 0.0984252 1.0629921 0.5511811 1.0629921 0 P 0
L 0.0984252 1.3779527 0.5511811 1.3779527 0 P 0
L 0.1181101 1.4173228 0.1181101 1.6535433 0 P 0
L 0.1181101 1.4173228 0.6692913 1.4173228 0 P 0
L 0.1181101 1.6535433 0.6692913 1.6535433 0 P 0
L 0.1279527 0.8277558 0.1279527 0.8572834 1 P 0
L 0.1279527 0.8277558 0.1870079 0.8277558 1 P 0
L 0.1279527 0.8572834 0.1870079 0.8572834 1 P 0
L 0.1279528 1.3533465 0.1279528 1.4025591 0 P 0
L 0.1279528 1.3533465 0.226378 1.3533465 0 P 0
L 0.1279528 1.4025591 0.226378 1.4025591 0 P 0
L 0.1448819 0.3248031 0.1448819 0.3838583 1 P 0
L 0.1448819 0.3248031 0.1744095 0.3248031 1 P 0
L 0.1448819 0.3838583 0.1744095 0.3838583 1 P 0
L 0.1744095 0.3248031 0.1744095 0.3838583 1 P 0
L 0.1870079 0.8277558 0.1870079 0.8572834 1 P 0
L 0.1940946 0.3248031 0.1940946 0.3838583 0 P 0
L 0.1940946 0.3248031 0.2236222 0.3248031 0 P 0
L 0.1940946 0.3838583 0.2236222 0.3838583 0 P 0
L 0.1968504 0.6299212 0.1968504 1.023622 0 P 0
L 0.1968504 0.6299212 0.5905512 0.6299212 0 P 0
L 0.1968504 1.023622 0.5905512 1.023622 0 P 0
L 0.2236222 0.3248031 0.2236222 0.3838583 0 P 0
L 0.226378 1.3533465 0.226378 1.4025591 0 P 0
L 0.246063 1.363189 0.246063 1.3927166 1 P 0
L 0.246063 1.363189 0.3051182 1.363189 1 P 0
L 0.246063 1.3927166 0.3051182 1.3927166 1 P 0
L 0.3051182 1.363189 0.3051182 1.3927166 1 P 0
L 0.363189 0.5610235 0.363189 0.6200787 1 P 0
L 0.363189 0.5610235 0.3927166 0.5610235 1 P 0
L 0.363189 0.6200787 0.3927166 0.6200787 1 P 0
L 0.3811024 0.0787402 0.3811024 0.3149607 0 P 0
L 0.3927166 0.5610235 0.3927166 0.6200787 1 P 0
L 0.394685 0.5610235 0.394685 0.6200787 0 P 0
L 0.394685 0.5610235 0.4242126 0.5610235 0 P 0
L 0.394685 0.6200787 0.4242126 0.6200787 0 P 0
L 0.4062992 0.0787402 0.4062992 0.3149607 0 P 0
L 0.4062992 0.0787402 0.8 0.0787402 0 P 0
L 0.4062992 0.3149607 0.8 0.3149607 0 P 0
L 0.4242126 0.5610235 0.4242126 0.6200787 0 P 0
L 0.4261811 0.5610235 0.4261811 0.6200787 0 P 0
L 0.4261811 0.5610235 0.4557087 0.5610235 0 P 0
L 0.4261811 0.6200787 0.4557087 0.6200787 0 P 0
L 0.4557087 0.5610235 0.4557087 0.6200787 0 P 0
L 0.4576772 0.5610235 0.4576772 0.6200787 1 P 0
L 0.4576772 0.5610235 0.4872048 0.5610235 1 P 0
L 0.4576772 0.6200787 0.4872048 0.6200787 1 P 0
L 0.4872048 0.5610235 0.4872048 0.6200787 1 P 0
L 0.4891733 0.5610235 0.4891733 0.6200787 0 P 0
L 0.4891733 0.5610235 0.5187009 0.5610235 0 P 0
L 0.4891733 0.6200787 0.5187009 0.6200787 0 P 0
L 0.5187009 0.5610235 0.5187009 0.6200787 0 P 0
L 0.5511811 1.0629921 0.5511811 1.3779527 0 P 0
L 0.5637795 0.3248031 0.5637795 0.3838583 1 P 0
L 0.5637795 0.3248031 0.5933071 0.3248031 1 P 0
L 0.5637795 0.3838583 0.5933071 0.3838583 1 P 0
L 0.5708662 1.1614173 0.5708662 1.2795275 0 P 0
L 0.5708662 1.1614173 0.6889764 1.1614173 0 P 0
L 0.5708662 1.2795275 0.6889764 1.2795275 0 P 0
L 0.5777559 1.0728346 0.5777559 1.1318898 1 P 0
L 0.5777559 1.0728346 0.6072835 1.0728346 1 P 0
L 0.5777559 1.1318898 0.6072835 1.1318898 1 P 0
L 0.5777559 1.3090551 0.5777559 1.3681103 1 P 0
L 0.5777559 1.3090551 0.6072835 1.3090551 1 P 0
L 0.5777559 1.3681103 0.6072835 1.3681103 1 P 0
L 0.5905512 0.6299212 0.5905512 1.023622 0 P 0
L 0.5933071 0.3248031 0.5933071 0.3838583 1 P 0
L 0.6003937 0.7962598 0.6003937 0.8257874 1 P 0
L 0.6003937 0.7962598 0.6594489 0.7962598 1 P 0
L 0.6003937 0.8257874 0.6594489 0.8257874 1 P 0
L 0.6003937 0.8592519 0.6003937 0.8887795 1 P 0
L 0.6003937 0.8592519 0.6594489 0.8592519 1 P 0
L 0.6003937 0.8887795 0.6594489 0.8887795 1 P 0
L 0.6072835 1.0728346 0.6072835 1.1318898 1 P 0
L 0.6072835 1.3090551 0.6072835 1.3681103 1 P 0
L 0.6129922 0.3248031 0.6129922 0.3838583 0 P 0
L 0.6129922 0.3248031 0.6425198 0.3248031 0 P 0
L 0.6129922 0.3838583 0.6425198 0.3838583 0 P 0
L 0.6151576 1.0728346 0.6151576 1.1318898 0 P 0
L 0.6151576 1.0728346 0.6446852 1.0728346 0 P 0
L 0.6151576 1.1318898 0.6446852 1.1318898 0 P 0
L 0.6151576 1.3090551 0.6151576 1.3681103 0 P 0
L 0.6151576 1.3090551 0.6446852 1.3090551 0 P 0
L 0.6151576 1.3681103 0.6446852 1.3681103 0 P 0
L 0.6425198 0.3248031 0.6425198 0.3838583 0 P 0
L 0.6446852 1.0728346 0.6446852 1.1318898 0 P 0
L 0.6446852 1.3090551 0.6446852 1.3681103 0 P 0
L 0.6525591 1.0728346 0.6525591 1.1318898 1 P 0
L 0.6525591 1.0728346 0.6820867 1.0728346 1 P 0
L 0.6525591 1.1318898 0.6820867 1.1318898 1 P 0
L 0.6594489 0.7962598 0.6594489 0.8257874 1 P 0
L 0.6594489 0.8592519 0.6594489 0.8887795 1 P 0
L 0.6692913 1.4173228 0.6692913 1.6535433 0 P 0
L 0.6820867 1.0728346 0.6820867 1.1318898 1 P 0
L 0.6889764 1.1614173 0.6889764 1.2795275 0 P 0
L 0.8 0.0787402 0.8 0.3149607 0 P 0
