#Layer_Color=32896
#
#Feature symbol names
#
$0 r1.9685

#
#Feature attribute names
#

#
#Layer features
#
L -0.0065197 0.3720473 -0.0065197 0.8097638 0 P 0
L -0.0065197 0.3720473 0.2334803 0.3720473 0 P 0
L -0.0065197 0.8097638 0.2334803 0.8097638 0 P 0
L 0.1456693 0.6397638 0.1692913 0.6397638 0 P 0
L 0.1574803 0.6279528 0.1574803 0.6515748 0 P 0
L 0.2334803 0.3720473 0.2334803 0.8097638 0 P 0
L 0.246063 0.5009843 0.246063 0.5324804 0 P 0
L 0.246063 0.5009843 0.3051182 0.5009843 0 P 0
L 0.246063 0.5324804 0.3051182 0.5324804 0 P 0
L 0.246063 0.5501969 0.246063 0.581693 0 P 0
L 0.246063 0.5501969 0.3051182 0.5501969 0 P 0
L 0.246063 0.581693 0.3051182 0.581693 0 P 0
L 0.246063 0.5994095 0.246063 0.6309056 0 P 0
L 0.246063 0.5994095 0.3051182 0.5994095 0 P 0
L 0.246063 0.6309056 0.3051182 0.6309056 0 P 0
L 0.246063 0.6486221 0.246063 0.6801182 0 P 0
L 0.246063 0.6486221 0.3051182 0.6486221 0 P 0
L 0.246063 0.6801182 0.3051182 0.6801182 0 P 0
L 0.2637796 0.5167323 0.2874016 0.5167323 0 P 0
L 0.2637796 0.5659449 0.2874016 0.5659449 0 P 0
L 0.2637796 0.6151575 0.2874016 0.6151575 0 P 0
L 0.2637796 0.6643701 0.2874016 0.6643701 0 P 0
L 0.2755906 0.5049213 0.2755906 0.5285433 0 P 0
L 0.2755906 0.5541339 0.2755906 0.5777559 0 P 0
L 0.2755906 0.6033465 0.2755906 0.6269685 0 P 0
L 0.2755906 0.6525591 0.2755906 0.6761811 0 P 0
L 0.3051182 0.5009843 0.3051182 0.5324804 0 P 0
L 0.3051182 0.5501969 0.3051182 0.581693 0 P 0
L 0.3051182 0.5994095 0.3051182 0.6309056 0 P 0
L 0.3051182 0.6486221 0.3051182 0.6801182 0 P 0
