#Layer_Color=8388736
#
#Feature symbol names
#
$0 r0.3937
$1 r0.7874

#
#Feature attribute names
#

#
#Layer features
#
L -0.0125984 0.0787402 -0.0125984 0.3149607 0 P 0
L -0.0125984 0.0787402 0.3811024 0.0787402 0 P 0
L -0.0125984 0.3149607 0.3811024 0.3149607 0 P 0
L 0.1181101 1.4173227 0.1181101 1.6535432 0 P 0
L 0.1181101 1.4173227 0.6692913 1.4173227 0 P 0
L 0.1181101 1.6535432 0.6692913 1.6535432 0 P 0
L 0.1448819 0.3248031 0.1448819 0.3838583 1 P 0
L 0.1448819 0.3248031 0.1744095 0.3248031 1 P 0
L 0.1448819 0.3838583 0.1744095 0.3838583 1 P 0
L 0.1673227 0.5757873 0.1673227 0.6053149 0 P 0
L 0.1673227 0.5757873 0.2263779 0.5757873 0 P 0
L 0.1673227 0.6053149 0.2263779 0.6053149 0 P 0
L 0.1673227 0.6938976 0.1673227 0.7234252 0 P 0
L 0.1673227 0.6938976 0.2263779 0.6938976 0 P 0
L 0.1673227 0.7234252 0.2263779 0.7234252 0 P 0
L 0.1673227 0.7332676 0.1673227 0.7627952 1 P 0
L 0.1673227 0.7332676 0.2263779 0.7332676 1 P 0
L 0.1673227 0.7627952 0.2263779 0.7627952 1 P 0
L 0.1673227 0.7726377 0.1673227 0.8021653 0 P 0
L 0.1673227 0.7726377 0.2263779 0.7726377 0 P 0
L 0.1673227 0.8021653 0.2263779 0.8021653 0 P 0
L 0.1732283 0.6200786 0.1732283 0.6791338 0 P 0
L 0.1732283 0.6200786 0.2204724 0.6200786 0 P 0
L 0.1732283 0.6791338 0.2204724 0.6791338 0 P 0
L 0.1744095 0.3248031 0.1744095 0.3838583 1 P 0
L 0.1940946 0.3248031 0.1940946 0.3838583 0 P 0
L 0.1940946 0.3248031 0.2236222 0.3248031 0 P 0
L 0.1940946 0.3838583 0.2236222 0.3838583 0 P 0
L 0.2017716 1.3011811 0.2017716 1.3602363 0 P 0
L 0.2017716 1.3011811 0.2312992 1.3011811 0 P 0
L 0.2017716 1.3602363 0.2312992 1.3602363 0 P 0
L 0.2204724 0.6200786 0.2204724 0.6791338 0 P 0
L 0.2236222 0.3248031 0.2236222 0.3838583 0 P 0
L 0.2263779 0.5757873 0.2263779 0.6053149 0 P 0
L 0.2263779 0.6938976 0.2263779 0.7234252 0 P 0
L 0.2263779 0.7332676 0.2263779 0.7627952 1 P 0
L 0.2263779 0.7726377 0.2263779 0.8021653 0 P 0
L 0.2312992 1.3011811 0.2312992 1.3602363 0 P 0
L 0.2362205 1.2204724 0.2362205 1.3779528 0 P 0
L 0.2362205 1.2204724 0.5511811 1.2204724 0 P 0
L 0.2362205 1.3779528 0.5511811 1.3779528 0 P 0
L 0.2739999 1.382874 0.2739999 1.4124016 0 P 0
L 0.2739999 1.382874 0.3330551 1.382874 0 P 0
L 0.2739999 1.4124016 0.3330551 1.4124016 0 P 0
L 0.2952756 0.9055118 0.2952756 1.1417322 0 P 0
L 0.2952756 0.9055118 0.492126 0.9055118 0 P 0
L 0.2952756 1.1417322 0.492126 1.1417322 0 P 0
L 0.3330551 1.382874 0.3330551 1.4124016 0 P 0
L 0.3447007 0.4394409 0.3447007 0.5054409 0 P 0
L 0.3447007 0.4394409 0.4427007 0.4394409 0 P 0
L 0.3447007 0.5054409 0.4427007 0.5054409 0 P 0
L 0.3641731 0.5757873 0.3641731 0.6053149 0 P 0
L 0.3641731 0.5757873 0.4232283 0.5757873 0 P 0
L 0.3641731 0.6053149 0.4232283 0.6053149 0 P 0
L 0.3641731 0.6938976 0.3641731 0.7234252 0 P 0
L 0.3641731 0.6938976 0.4232283 0.6938976 0 P 0
L 0.3641731 0.7234252 0.4232283 0.7234252 0 P 0
L 0.3641731 0.7332676 0.3641731 0.7627952 1 P 0
L 0.3641731 0.7332676 0.4232283 0.7332676 1 P 0
L 0.3641731 0.7627952 0.4232283 0.7627952 1 P 0
L 0.3641731 0.7726377 0.3641731 0.8021653 0 P 0
L 0.3641731 0.7726377 0.4232283 0.7726377 0 P 0
L 0.3641731 0.8021653 0.4232283 0.8021653 0 P 0
L 0.3700787 0.6200786 0.3700787 0.6791338 0 P 0
L 0.3700787 0.6200786 0.4173228 0.6200786 0 P 0
L 0.3700787 0.6791338 0.4173228 0.6791338 0 P 0
L 0.3811024 0.0787402 0.3811024 0.3149607 0 P 0
L 0.4062992 0.0787402 0.4062992 0.3149607 0 P 0
L 0.4062992 0.0787402 0.8 0.0787402 0 P 0
L 0.4062992 0.3149607 0.8 0.3149607 0 P 0
L 0.4173228 0.6200786 0.4173228 0.6791338 0 P 0
L 0.4232283 0.5757873 0.4232283 0.6053149 0 P 0
L 0.4232283 0.6938976 0.4232283 0.7234252 0 P 0
L 0.4232283 0.7332676 0.4232283 0.7627952 1 P 0
L 0.4232283 0.7726377 0.4232283 0.8021653 0 P 0
L 0.4427007 0.4394409 0.4427007 0.5054409 0 P 0
L 0.453937 1.1614173 0.453937 1.2204725 1 P 0
L 0.453937 1.1614173 0.4834646 1.1614173 1 P 0
L 0.453937 1.2204725 0.4834646 1.2204725 1 P 0
L 0.4834646 1.1614173 0.4834646 1.2204725 1 P 0
L 0.492126 0.9055118 0.492126 1.1417322 0 P 0
L 0.5511811 1.2204724 0.5511811 1.3779528 0 P 0
L 0.5561023 1.3011811 0.5561023 1.3602363 0 P 0
L 0.5561023 1.3011811 0.5856299 1.3011811 0 P 0
L 0.5561023 1.3602363 0.5856299 1.3602363 0 P 0
L 0.5610235 0.5757873 0.5610235 0.6053149 0 P 0
L 0.5610235 0.5757873 0.6200787 0.5757873 0 P 0
L 0.5610235 0.6053149 0.6200787 0.6053149 0 P 0
L 0.5610235 0.6938976 0.5610235 0.7234252 0 P 0
L 0.5610235 0.6938976 0.6200787 0.6938976 0 P 0
L 0.5610235 0.7234252 0.6200787 0.7234252 0 P 0
L 0.5610235 0.7332676 0.5610235 0.7627952 1 P 0
L 0.5610235 0.7332676 0.6200787 0.7332676 1 P 0
L 0.5610235 0.7627952 0.6200787 0.7627952 1 P 0
L 0.5610235 0.7726377 0.5610235 0.8021653 0 P 0
L 0.5610235 0.7726377 0.6200787 0.7726377 0 P 0
L 0.5610235 0.8021653 0.6200787 0.8021653 0 P 0
L 0.5637795 0.3248031 0.5637795 0.3838583 1 P 0
L 0.5637795 0.3248031 0.5933071 0.3248031 1 P 0
L 0.5637795 0.3838583 0.5933071 0.3838583 1 P 0
L 0.5669291 0.6200786 0.5669291 0.6791338 0 P 0
L 0.5669291 0.6200786 0.6141732 0.6200786 0 P 0
L 0.5669291 0.6791338 0.6141732 0.6791338 0 P 0
L 0.5856299 1.3011811 0.5856299 1.3602363 0 P 0
L 0.5933071 0.3248031 0.5933071 0.3838583 1 P 0
L 0.6129922 0.3248031 0.6129922 0.3838583 0 P 0
L 0.6129922 0.3248031 0.6425198 0.3248031 0 P 0
L 0.6129922 0.3838583 0.6425198 0.3838583 0 P 0
L 0.6141732 0.6200786 0.6141732 0.6791338 0 P 0
L 0.6200787 0.5757873 0.6200787 0.6053149 0 P 0
L 0.6200787 0.6938976 0.6200787 0.7234252 0 P 0
L 0.6200787 0.7332676 0.6200787 0.7627952 1 P 0
L 0.6200787 0.7726377 0.6200787 0.8021653 0 P 0
L 0.6425198 0.3248031 0.6425198 0.3838583 0 P 0
L 0.6692913 1.4173227 0.6692913 1.6535432 0 P 0
L 0.8 0.0787402 0.8 0.3149607 0 P 0
