#Layer_Color=32768
#
#Feature symbol names
#
$0 r1.9685
$1 r3.937
$2 r0.7874

#
#Feature attribute names
#

#
#Layer features
#
L 0.2539212 2.9768661 0.2539212 3.1648661 0 P 0
L 0.2539212 2.9768661 0.4109212 2.9768661 0 P 0
L 0.2539212 3.1648661 0.4109212 3.1648661 0 P 0
L 0.2539606 3.2524567 0.2539606 3.4404567 0 P 0
L 0.2539606 3.2524567 0.4109606 3.2524567 0 P 0
L 0.2539606 3.4404567 0.4109606 3.4404567 0 P 0
L 0.4109212 2.9768661 0.4109212 3.1648661 0 P 0
L 0.4109606 3.2524567 0.4109606 3.4404567 0 P 0
L 0.416 3.3174724 0.4474961 3.3174724 2 P 0
L 0.416 3.3765276 0.4474961 3.3765276 2 P 0
L 0.416252 3.3174724 0.416252 3.3765276 2 P 0
L 0.417071 3.0413385 0.4485671 3.0413385 2 P 0
L 0.417071 3.1003937 0.4485671 3.1003937 2 P 0
L 0.417323 3.0413385 0.417323 3.1003937 2 P 0
L 0.447748 3.3174724 0.447748 3.3765276 2 P 0
L 0.448819 3.0413385 0.448819 3.1003937 2 P 0
L 0.5091811 3.012 0.5091811 3.124 0 P 0
L 0.5091811 3.012 0.5931811 3.012 0 P 0
L 0.5091811 3.124 0.5931811 3.124 0 P 0
L 0.5091811 3.2904567 0.5091811 3.4024567 0 P 0
L 0.5091811 3.2904567 0.5931811 3.2904567 0 P 0
L 0.5091811 3.4024567 0.5931811 3.4024567 0 P 0
L 0.5931811 3.012 0.5931811 3.124 0 P 0
L 0.5931811 3.2904567 0.5931811 3.4024567 0 P 0
L 0.67 3.129 0.67 3.291 0 P 0
L 0.67 3.129 0.856 3.129 0 P 0
L 0.67 3.291 0.856 3.291 0 P 0
L 0.6744724 3.296252 0.7335276 3.296252 2 P 0
L 0.6744724 3.2965039 0.6744724 3.328 2 P 0
L 0.6744724 3.327748 0.7335276 3.327748 2 P 0
L 0.7335276 3.2965039 0.7335276 3.328 2 P 0
L 0.856 3.129 0.856 3.291 0 P 0
L 0.9153543 3.1447874 0.9153543 3.1762835 2 P 0
L 0.9153543 3.1450394 0.9744095 3.1450394 2 P 0
L 0.9153543 3.1765354 0.9744095 3.1765354 2 P 0
L 0.9153543 3.1841575 0.9153543 3.2156536 2 P 0
L 0.9153543 3.1844095 0.9744095 3.1844095 2 P 0
L 0.9153543 3.2159055 0.9744095 3.2159055 2 P 0
L 0.9153543 3.2237796 0.9744095 3.2237796 2 P 0
L 0.9153543 3.2240315 0.9153543 3.2555276 2 P 0
L 0.9153543 3.2552756 0.9744095 3.2552756 2 P 0
L 0.9744095 3.1447874 0.9744095 3.1762835 2 P 0
L 0.9744095 3.1841575 0.9744095 3.2156536 2 P 0
L 0.9744095 3.2240315 0.9744095 3.2555276 2 P 0
L 1.5289134 0.8439684 1.5289134 1.1839684 0 P 0
L 1.5289134 0.8439684 1.7689134 0.8439684 0 P 0
L 1.5289134 0.8439764 1.5289134 1.1839764 0 P 0
L 1.5289134 0.8439764 1.7689134 0.8439764 0 P 0
L 1.5289134 1.1839684 1.7689134 1.1839684 0 P 0
L 1.5289134 1.1839764 1.7689134 1.1839764 0 P 0
L 1.7689134 0.8439684 1.7689134 1.1839684 0 P 0
L 1.7689134 0.8439764 1.7689134 1.1839764 0 P 0
L 1.7713543 3.1062362 1.7713543 4.2532362 0 P 0
L 1.7713543 3.1062362 2.5623543 3.1062362 0 P 0
L 1.7713543 4.2532362 2.5623543 4.2532362 0 P 0
L 1.7755906 0.9844408 1.7755906 1.043496 2 P 0
L 1.7755906 0.9844488 1.7755906 1.043504 2 P 0
L 1.7755906 5.7429134 1.7755906 5.8019686 2 P 0
L 1.7755906 5.8177166 1.7755906 5.8767718 2 P 0
L 1.7758425 0.9844408 1.8073386 0.9844408 2 P 0
L 1.7758425 0.9844488 1.8073386 0.9844488 2 P 0
L 1.7758425 1.043496 1.8073386 1.043496 2 P 0
L 1.7758425 1.043504 1.8073386 1.043504 2 P 0
L 1.7758425 5.7429134 1.8073386 5.7429134 2 P 0
L 1.7758425 5.8019686 1.8073386 5.8019686 2 P 0
L 1.7758425 5.8177166 1.8073386 5.8177166 2 P 0
L 1.7758425 5.8767718 1.8073386 5.8767718 2 P 0
L 1.8070866 0.9844408 1.8070866 1.043496 2 P 0
L 1.8070866 0.9844488 1.8070866 1.043504 2 P 0
L 1.8070866 5.7429134 1.8070866 5.8019686 2 P 0
L 1.8070866 5.8177166 1.8070866 5.8767718 2 P 0
L 1.8147087 5.8177166 1.8462048 5.8177166 2 P 0
L 1.8147087 5.8767718 1.8462048 5.8767718 2 P 0
L 1.8149607 0.9844408 1.8149607 1.043496 2 P 0
L 1.8149607 0.9844488 1.8149607 1.043504 2 P 0
L 1.8149607 5.7429134 1.8149607 5.8019686 2 P 0
L 1.8149607 5.8177166 1.8149607 5.8767718 2 P 0
L 1.8152126 0.9844408 1.8467087 0.9844408 2 P 0
L 1.8152126 0.9844488 1.8467087 0.9844488 2 P 0
L 1.8152126 1.043496 1.8467087 1.043496 2 P 0
L 1.8152126 1.043504 1.8467087 1.043504 2 P 0
L 1.8152126 5.7429134 1.8467087 5.7429134 2 P 0
L 1.8152126 5.8019686 1.8467087 5.8019686 2 P 0
L 1.8198648 0.207795 1.8198648 0.961795 0 P 0
L 1.8198648 0.207795 4.5888648 0.207795 0 P 0
L 1.8198648 0.961795 4.5888648 0.961795 0 P 0
L 1.8198648 1.0622422 1.8198648 1.8162422 0 P 0
L 1.8198648 1.0622422 4.5888648 1.0622422 0 P 0
L 1.8198648 1.8162422 4.5888648 1.8162422 0 P 0
L 1.8208661 2.3875433 1.8208661 2.4190394 2 P 0
L 1.8208661 2.3877953 1.8799213 2.3877953 2 P 0
L 1.8208661 2.4192913 1.8799213 2.4192913 2 P 0
L 1.8208661 2.4249449 1.8208661 2.456441 2 P 0
L 1.8208661 2.4251969 1.8799213 2.4251969 2 P 0
L 1.8208661 2.4566929 1.8799213 2.4566929 2 P 0
L 1.8208661 2.4625985 1.8799213 2.4625985 2 P 0
L 1.8208661 2.4628504 1.8208661 2.4943465 2 P 0
L 1.8208661 2.4940945 1.8799213 2.4940945 2 P 0
L 1.8208661 2.5450236 1.8208661 2.5765197 2 P 0
L 1.8208661 2.5452756 1.8799213 2.5452756 2 P 0
L 1.8208661 2.5767716 1.8799213 2.5767716 2 P 0
L 1.8208661 2.6198268 1.8208661 2.6513229 2 P 0
L 1.8208661 2.6200788 1.8799213 2.6200788 2 P 0
L 1.8208661 2.6515748 1.8799213 2.6515748 2 P 0
L 1.8208661 3.7637796 1.8799213 3.7637796 2 P 0
L 1.8208661 3.7640315 1.8208661 3.7955276 2 P 0
L 1.8208661 3.7952756 1.8799213 3.7952756 2 P 0
L 1.8208661 3.8031496 1.8799213 3.8031496 2 P 0
L 1.8208661 3.8034015 1.8208661 3.8348976 2 P 0
L 1.8208661 3.8346456 1.8799213 3.8346456 2 P 0
L 1.8208661 3.8425197 1.8799213 3.8425197 2 P 0
L 1.8208661 3.8427716 1.8208661 3.8742677 2 P 0
L 1.8208661 3.8740157 1.8799213 3.8740157 2 P 0
L 1.8208661 3.8818898 1.8799213 3.8818898 2 P 0
L 1.8208661 3.8821417 1.8208661 3.9136378 2 P 0
L 1.8208661 3.9133858 1.8799213 3.9133858 2 P 0
L 1.8208661 3.999748 1.8208661 4.0312441 2 P 0
L 1.8208661 4 1.8799213 4 2 P 0
L 1.8208661 4.031496 1.8799213 4.031496 2 P 0
L 1.8208661 4.0393701 1.8799213 4.0393701 2 P 0
L 1.8208661 4.039622 1.8208661 4.0711181 2 P 0
L 1.8208661 4.0708661 1.8799213 4.0708661 2 P 0
L 1.8208661 4.0784882 1.8208661 4.1099843 2 P 0
L 1.8208661 4.0787402 1.8799213 4.0787402 2 P 0
L 1.8208661 4.1102362 1.8799213 4.1102362 2 P 0
L 1.8208661 4.1277009 1.8208661 4.159197 2 P 0
L 1.8208661 4.1279529 1.8799213 4.1279529 2 P 0
L 1.8208661 4.1594489 1.8799213 4.1594489 2 P 0
L 1.8213937 3.9316929 1.8213937 3.9816929 0 P 0
L 1.8213937 3.9316929 1.8793937 3.9316929 0 P 0
L 1.8213937 3.9816929 1.8793937 3.9816929 0 P 0
L 1.8239133 3.0474567 1.8239133 3.6454567 0 P 0
L 1.8239133 3.0474567 2.3959133 3.0474567 0 P 0
L 1.8239133 3.6454567 2.3959133 3.6454567 0 P 0
L 1.8464567 0.9844408 1.8464567 1.043496 2 P 0
L 1.8464567 0.9844488 1.8464567 1.043504 2 P 0
L 1.8464567 5.7429134 1.8464567 5.8019686 2 P 0
L 1.8464567 5.8177166 1.8464567 5.8767718 2 P 0
L 1.8602362 4.9055118 1.9192914 4.9055118 2 P 0
L 1.8602362 4.9057637 1.8602362 4.9372598 2 P 0
L 1.8602362 4.9370078 1.9192914 4.9370078 2 P 0
L 1.8602362 4.9446299 1.8602362 4.976126 2 P 0
L 1.8602362 4.9448819 1.9192914 4.9448819 2 P 0
L 1.8602362 4.9763779 1.9192914 4.9763779 2 P 0
L 1.8602362 4.984252 1.9192914 4.984252 2 P 0
L 1.8602362 4.9845039 1.8602362 5.016 2 P 0
L 1.8602362 5.015748 1.9192914 5.015748 2 P 0
L 1.8602362 5.0236221 1.9192914 5.0236221 2 P 0
L 1.8602362 5.023874 1.8602362 5.0553701 2 P 0
L 1.8602362 5.0551181 1.9192914 5.0551181 2 P 0
L 1.8602362 5.1811024 1.9192914 5.1811024 2 P 0
L 1.8602362 5.1813543 1.8602362 5.2128504 2 P 0
L 1.8602362 5.2125984 1.9192914 5.2125984 2 P 0
L 1.8602362 5.2202205 1.8602362 5.2517166 2 P 0
L 1.8602362 5.2204725 1.9192914 5.2204725 2 P 0
L 1.8602362 5.2519685 1.9192914 5.2519685 2 P 0
L 1.8602362 5.2598426 1.9192914 5.2598426 2 P 0
L 1.8602362 5.2600945 1.8602362 5.2915906 2 P 0
L 1.8602362 5.2913386 1.9192914 5.2913386 2 P 0
L 1.8602362 5.2992126 1.9192914 5.2992126 2 P 0
L 1.8602362 5.2994645 1.8602362 5.3309606 2 P 0
L 1.8602362 5.3307086 1.9192914 5.3307086 2 P 0
L 1.8602362 5.4566929 1.9192914 5.4566929 2 P 0
L 1.8602362 5.4569448 1.8602362 5.4884409 2 P 0
L 1.8602362 5.4881889 1.9192914 5.4881889 2 P 0
L 1.8602362 5.495811 1.8602362 5.5273071 2 P 0
L 1.8602362 5.496063 1.9192914 5.496063 2 P 0
L 1.8602362 5.527559 1.9192914 5.527559 2 P 0
L 1.8602362 5.5354331 1.9192914 5.5354331 2 P 0
L 1.8602362 5.535685 1.8602362 5.5671811 2 P 0
L 1.8602362 5.5669291 1.9192914 5.5669291 2 P 0
L 1.8602362 5.5748032 1.9192914 5.5748032 2 P 0
L 1.8602362 5.5750551 1.8602362 5.6065512 2 P 0
L 1.8602362 5.6062992 1.9192914 5.6062992 2 P 0
L 1.8651339 5.7667717 1.8651339 5.8867717 0 P 0
L 1.8651339 5.7667717 1.9931339 5.7667717 0 P 0
L 1.8651339 5.8867717 1.9931339 5.8867717 0 P 0
L 1.8793937 3.9316929 1.8793937 3.9816929 0 P 0
L 1.8799213 2.3875433 1.8799213 2.4190394 2 P 0
L 1.8799213 2.4249449 1.8799213 2.456441 2 P 0
L 1.8799213 2.4628504 1.8799213 2.4943465 2 P 0
L 1.8799213 2.5450236 1.8799213 2.5765197 2 P 0
L 1.8799213 2.6198268 1.8799213 2.6513229 2 P 0
L 1.8799213 3.7640315 1.8799213 3.7955276 2 P 0
L 1.8799213 3.8034015 1.8799213 3.8348976 2 P 0
L 1.8799213 3.8427716 1.8799213 3.8742677 2 P 0
L 1.8799213 3.8821417 1.8799213 3.9136378 2 P 0
L 1.8799213 3.999748 1.8799213 4.0312441 2 P 0
L 1.8799213 4.039622 1.8799213 4.0711181 2 P 0
L 1.8799213 4.0784882 1.8799213 4.1099843 2 P 0
L 1.8799213 4.1277009 1.8799213 4.159197 2 P 0
L 1.8996063 2.0314961 1.9586615 2.0314961 2 P 0
L 1.8996063 2.031748 1.8996063 2.0632441 2 P 0
L 1.8996063 2.0629921 1.9586615 2.0629921 2 P 0
L 1.8996063 2.0706142 1.8996063 2.1021103 2 P 0
L 1.8996063 2.0708662 1.9586615 2.0708662 2 P 0
L 1.8996063 2.1023622 1.9586615 2.1023622 2 P 0
L 1.8996063 2.1102363 1.9586615 2.1102363 2 P 0
L 1.8996063 2.1104882 1.8996063 2.1419843 2 P 0
L 1.8996063 2.1417323 1.9586615 2.1417323 2 P 0
L 1.8996063 2.1496063 1.9586615 2.1496063 2 P 0
L 1.8996063 2.1498582 1.8996063 2.1813543 2 P 0
L 1.8996063 2.1811023 1.9586615 2.1811023 2 P 0
L 1.9045039 2.3809449 1.9045039 2.5009449 0 P 0
L 1.9045039 2.3809449 2.0325039 2.3809449 0 P 0
L 1.9045039 2.5009449 2.0325039 2.5009449 0 P 0
L 1.9045039 2.5384252 1.9045039 2.6584252 0 P 0
L 1.9045039 2.5384252 2.0325039 2.5384252 0 P 0
L 1.9045039 2.6584252 2.0325039 2.6584252 0 P 0
L 1.9075007 3.9708819 1.9075007 4.1688819 0 P 0
L 1.9075007 3.9708819 2.0295007 3.9708819 0 P 0
L 1.9075007 4.1688819 2.0295007 4.1688819 0 P 0
L 1.9192914 4.9057637 1.9192914 4.9372598 2 P 0
L 1.9192914 4.9446299 1.9192914 4.976126 2 P 0
L 1.9192914 4.9845039 1.9192914 5.016 2 P 0
L 1.9192914 5.023874 1.9192914 5.0553701 2 P 0
L 1.9192914 5.1813543 1.9192914 5.2128504 2 P 0
L 1.9192914 5.2202205 1.9192914 5.2517166 2 P 0
L 1.9192914 5.2600945 1.9192914 5.2915906 2 P 0
L 1.9192914 5.2994645 1.9192914 5.3309606 2 P 0
L 1.9192914 5.4569448 1.9192914 5.4884409 2 P 0
L 1.9192914 5.495811 1.9192914 5.5273071 2 P 0
L 1.9192914 5.535685 1.9192914 5.5671811 2 P 0
L 1.9192914 5.5750551 1.9192914 5.6065512 2 P 0
L 1.9285039 3.7676772 1.9285039 3.8976772 0 P 0
L 1.9285039 3.7676772 2.0085039 3.7676772 0 P 0
L 1.9285039 3.8976772 2.0085039 3.8976772 0 P 0
L 1.9389763 4.9055118 1.9980315 4.9055118 2 P 0
L 1.9389763 4.9057637 1.9389763 4.9372598 2 P 0
L 1.9389763 4.9370078 1.9980315 4.9370078 2 P 0
L 1.9389763 5.0236221 1.9980315 5.0236221 2 P 0
L 1.9389763 5.023874 1.9389763 5.0553701 2 P 0
L 1.9389763 5.0551181 1.9980315 5.0551181 2 P 0
L 1.9389763 5.1811024 1.9980315 5.1811024 2 P 0
L 1.9389763 5.1813543 1.9389763 5.2128504 2 P 0
L 1.9389763 5.2125984 1.9980315 5.2125984 2 P 0
L 1.9389763 5.2992126 1.9980315 5.2992126 2 P 0
L 1.9389763 5.2994645 1.9389763 5.3309606 2 P 0
L 1.9389763 5.3307086 1.9980315 5.3307086 2 P 0
L 1.9389763 5.4566929 1.9980315 5.4566929 2 P 0
L 1.9389763 5.4569448 1.9389763 5.4884409 2 P 0
L 1.9389763 5.4881889 1.9980315 5.4881889 2 P 0
L 1.9389763 5.5748032 1.9980315 5.5748032 2 P 0
L 1.9389763 5.5750551 1.9389763 5.6065512 2 P 0
L 1.9389763 5.6062992 1.9980315 5.6062992 2 P 0
L 1.9435039 4.951315 1.9435039 5.009315 0 P 0
L 1.9435039 4.951315 1.9935039 4.951315 0 P 0
L 1.9435039 5.009315 1.9935039 5.009315 0 P 0
L 1.9435039 5.2269055 1.9435039 5.2849055 0 P 0
L 1.9435039 5.2269055 1.9935039 5.2269055 0 P 0
L 1.9435039 5.2849055 1.9935039 5.2849055 0 P 0
L 1.9435039 5.5024961 1.9435039 5.5604961 0 P 0
L 1.9435039 5.5024961 1.9935039 5.5024961 0 P 0
L 1.9435039 5.5604961 1.9935039 5.5604961 0 P 0
L 1.9586615 2.031748 1.9586615 2.0632441 2 P 0
L 1.9586615 2.0706142 1.9586615 2.1021103 2 P 0
L 1.9586615 2.1104882 1.9586615 2.1419843 2 P 0
L 1.9586615 2.1498582 1.9586615 2.1813543 2 P 0
L 1.9783464 2.0314961 2.0374016 2.0314961 2 P 0
L 1.9783464 2.031748 1.9783464 2.0632441 2 P 0
L 1.9783464 2.0629921 2.0374016 2.0629921 2 P 0
L 1.9783464 2.1496063 2.0374016 2.1496063 2 P 0
L 1.9783464 2.1498582 1.9783464 2.1813543 2 P 0
L 1.9783464 2.1811023 2.0374016 2.1811023 2 P 0
L 1.982874 2.0772992 1.982874 2.1352992 0 P 0
L 1.982874 2.0772992 2.032874 2.0772992 0 P 0
L 1.982874 2.1352992 2.032874 2.1352992 0 P 0
L 1.9931339 5.7667717 1.9931339 5.8867717 0 P 0
L 1.9935039 4.951315 1.9935039 5.009315 0 P 0
L 1.9935039 5.2269055 1.9935039 5.2849055 0 P 0
L 1.9935039 5.5024961 1.9935039 5.5604961 0 P 0
L 1.9980315 4.9057637 1.9980315 4.9372598 2 P 0
L 1.9980315 5.023874 1.9980315 5.0553701 2 P 0
L 1.9980315 5.1813543 1.9980315 5.2128504 2 P 0
L 1.9980315 5.2994645 1.9980315 5.3309606 2 P 0
L 1.9980315 5.4569448 1.9980315 5.4884409 2 P 0
L 1.9980315 5.5750551 1.9980315 5.6065512 2 P 0
L 2.0085039 3.7676772 2.0085039 3.8976772 0 P 0
L 2.0115591 5.8177166 2.0430552 5.8177166 2 P 0
L 2.0115591 5.8767718 2.0430552 5.8767718 2 P 0
L 2.0118111 5.8177166 2.0118111 5.8767718 2 P 0
L 2.0295007 3.9708819 2.0295007 4.1688819 0 P 0
L 2.0325039 2.3809449 2.0325039 2.5009449 0 P 0
L 2.0325039 2.5384252 2.0325039 2.6584252 0 P 0
L 2.032874 2.0772992 2.032874 2.1352992 0 P 0
L 2.0374016 2.031748 2.0374016 2.0632441 2 P 0
L 2.0374016 2.1498582 2.0374016 2.1813543 2 P 0
L 2.0433071 5.8177166 2.0433071 5.8767718 2 P 0
L 2.0509291 5.8177166 2.0824252 5.8177166 2 P 0
L 2.0509291 5.8767718 2.0824252 5.8767718 2 P 0
L 2.0511811 5.8177166 2.0511811 5.8767718 2 P 0
L 2.0570866 2.4251969 2.1161418 2.4251969 2 P 0
L 2.0570866 2.4254488 2.0570866 2.4569449 2 P 0
L 2.0570866 2.4566929 2.1161418 2.4566929 2 P 0
L 2.0570866 2.5452756 2.1161418 2.5452756 2 P 0
L 2.0570866 2.5455275 2.0570866 2.5770236 2 P 0
L 2.0570866 2.5767716 2.1161418 2.5767716 2 P 0
L 2.0570866 2.5826772 2.1161418 2.5826772 2 P 0
L 2.0570866 2.5829291 2.0570866 2.6144252 2 P 0
L 2.0570866 2.6141732 2.1161418 2.6141732 2 P 0
L 2.0570866 3.8031496 2.1161418 3.8031496 2 P 0
L 2.0570866 3.8034015 2.0570866 3.8348976 2 P 0
L 2.0570866 3.8346456 2.1161418 3.8346456 2 P 0
L 2.0570866 3.8425197 2.1161418 3.8425197 2 P 0
L 2.0570866 3.8427716 2.0570866 3.8742677 2 P 0
L 2.0570866 3.8740157 2.1161418 3.8740157 2 P 0
L 2.0570866 4.0295276 2.1161418 4.0295276 2 P 0
L 2.0570866 4.0297795 2.0570866 4.0612756 2 P 0
L 2.0570866 4.0610236 2.1161418 4.0610236 2 P 0
L 2.0570866 4.0784883 2.0570866 4.1099844 2 P 0
L 2.0570866 4.0787403 2.1161418 4.0787403 2 P 0
L 2.0570866 4.1102363 2.1161418 4.1102363 2 P 0
L 2.0570866 4.1277009 2.0570866 4.159197 2 P 0
L 2.0570866 4.1279529 2.1161418 4.1279529 2 P 0
L 2.0570866 4.1594489 2.1161418 4.1594489 2 P 0
L 2.0826771 5.8177166 2.0826771 5.8767718 2 P 0
L 2.0905512 5.8177166 2.0905512 5.8767718 2 P 0
L 2.0908031 5.8177166 2.1222992 5.8177166 2 P 0
L 2.0908031 5.8767718 2.1222992 5.8767718 2 P 0
L 2.1161418 2.4254488 2.1161418 2.4569449 2 P 0
L 2.1161418 2.5455275 2.1161418 2.5770236 2 P 0
L 2.1161418 2.5829291 2.1161418 2.6144252 2 P 0
L 2.1161418 3.8034015 2.1161418 3.8348976 2 P 0
L 2.1161418 3.8427716 2.1161418 3.8742677 2 P 0
L 2.1161418 4.0297795 2.1161418 4.0612756 2 P 0
L 2.1161418 4.0784883 2.1161418 4.1099844 2 P 0
L 2.1161418 4.1277009 2.1161418 4.159197 2 P 0
L 2.1220472 5.8177166 2.1220472 5.8767718 2 P 0
L 2.2086614 5.6720472 2.2086614 5.7311024 2 P 0
L 2.2089133 5.6720472 2.2404094 5.6720472 2 P 0
L 2.2089133 5.7311024 2.2404094 5.7311024 2 P 0
L 2.2401574 5.6720472 2.2401574 5.7311024 2 P 0
L 2.2477795 5.7649606 2.2792756 5.7649606 2 P 0
L 2.2477795 5.8240158 2.2792756 5.8240158 2 P 0
L 2.2480315 5.6720472 2.2480315 5.7311024 2 P 0
L 2.2480315 5.7649606 2.2480315 5.8240158 2 P 0
L 2.2482834 5.6720472 2.2797795 5.6720472 2 P 0
L 2.2482834 5.7311024 2.2797795 5.7311024 2 P 0
L 2.2674646 5.4822834 2.2989607 5.4822834 2 P 0
L 2.2674646 5.5413386 2.2989607 5.5413386 2 P 0
L 2.2677166 5.4822834 2.2677166 5.5413386 2 P 0
L 2.2795275 5.6720472 2.2795275 5.7311024 2 P 0
L 2.2795275 5.7649606 2.2795275 5.8240158 2 P 0
L 2.285433 2.6535433 2.3444882 2.6535433 2 P 0
L 2.285433 2.6537952 2.285433 2.6852913 2 P 0
L 2.285433 2.6850393 2.3444882 2.6850393 2 P 0
L 2.285433 4.0314961 2.3444882 4.0314961 2 P 0
L 2.285433 4.031748 2.285433 4.0632441 2 P 0
L 2.285433 4.0629921 2.3444882 4.0629921 2 P 0
L 2.2872047 2.397685 2.2872047 2.642685 1 P 0
L 2.2872047 2.397685 2.4372047 2.397685 1 P 0
L 2.2872047 2.642685 2.4372047 2.642685 1 P 0
L 2.2872047 3.7756378 2.2872047 4.0206378 1 P 0
L 2.2872047 3.7756378 2.4372047 3.7756378 1 P 0
L 2.2872047 4.0206378 2.4372047 4.0206378 1 P 0
L 2.293307 2.0314961 2.3523622 2.0314961 2 P 0
L 2.293307 2.031748 2.293307 2.0632441 2 P 0
L 2.293307 2.0629921 2.3523622 2.0629921 2 P 0
L 2.293307 2.0706142 2.293307 2.1021103 2 P 0
L 2.293307 2.0708662 2.3523622 2.0708662 2 P 0
L 2.293307 2.1023622 2.3523622 2.1023622 2 P 0
L 2.293307 2.1102363 2.3523622 2.1102363 2 P 0
L 2.293307 2.1104882 2.293307 2.1419843 2 P 0
L 2.293307 2.1417323 2.3523622 2.1417323 2 P 0
L 2.293307 2.1496063 2.3523622 2.1496063 2 P 0
L 2.293307 2.1498582 2.293307 2.1813543 2 P 0
L 2.293307 2.1811023 2.3523622 2.1811023 2 P 0
L 2.2992126 5.4822834 2.2992126 5.5413386 2 P 0
L 2.3031496 5.6594488 2.3031496 5.8366142 1 P 0
L 2.3031496 5.6594488 2.5 5.6594488 1 P 0
L 2.3031496 5.8366142 2.5 5.8366142 1 P 0
L 2.3068346 5.4822834 2.3383307 5.4822834 2 P 0
L 2.3068346 5.5413386 2.3383307 5.5413386 2 P 0
L 2.3070866 5.4822834 2.3070866 5.5413386 2 P 0
L 2.3070866 5.9547244 2.3070866 6.0137796 2 P 0
L 2.3073385 5.9547244 2.3388346 5.9547244 2 P 0
L 2.3073385 6.0137796 2.3388346 6.0137796 2 P 0
L 2.3385826 5.4822834 2.3385826 5.5413386 2 P 0
L 2.3385826 5.9547244 2.3385826 6.0137796 2 P 0
L 2.3444882 2.6537952 2.3444882 2.6852913 2 P 0
L 2.3444882 4.031748 2.3444882 4.0632441 2 P 0
L 2.3462047 5.9547244 2.3777008 5.9547244 2 P 0
L 2.3462047 6.0137796 2.3777008 6.0137796 2 P 0
L 2.3464567 5.4822834 2.3464567 5.5413386 2 P 0
L 2.3464567 5.9547244 2.3464567 6.0137796 2 P 0
L 2.3467086 5.4822834 2.3782047 5.4822834 2 P 0
L 2.3467086 5.5413386 2.3782047 5.5413386 2 P 0
L 2.3523622 2.031748 2.3523622 2.0632441 2 P 0
L 2.3523622 2.0706142 2.3523622 2.1021103 2 P 0
L 2.3523622 2.1104882 2.3523622 2.1419843 2 P 0
L 2.3523622 2.1498582 2.3523622 2.1813543 2 P 0
L 2.3720472 2.0314961 2.4311024 2.0314961 2 P 0
L 2.3720472 2.031748 2.3720472 2.0632441 2 P 0
L 2.3720472 2.0629921 2.4311024 2.0629921 2 P 0
L 2.3720472 2.1496063 2.4311024 2.1496063 2 P 0
L 2.3720472 2.1498582 2.3720472 2.1813543 2 P 0
L 2.3720472 2.1811023 2.4311024 2.1811023 2 P 0
L 2.3765748 2.0772992 2.3765748 2.1352992 0 P 0
L 2.3765748 2.0772992 2.4265748 2.0772992 0 P 0
L 2.3765748 2.1352992 2.4265748 2.1352992 0 P 0
L 2.3779527 5.4822834 2.3779527 5.5413386 2 P 0
L 2.3779527 5.9547244 2.3779527 6.0137796 2 P 0
L 2.3799212 2.3540787 2.3799212 2.3855748 2 P 0
L 2.3799212 2.3543307 2.4389764 2.3543307 2 P 0
L 2.3799212 2.3858267 2.4389764 2.3858267 2 P 0
L 2.3799212 3.7320315 2.3799212 3.7635276 2 P 0
L 2.3799212 3.7322835 2.4389764 3.7322835 2 P 0
L 2.3799212 3.7637795 2.4389764 3.7637795 2 P 0
L 2.3855748 5.9547244 2.4170709 5.9547244 2 P 0
L 2.3855748 6.0137796 2.4170709 6.0137796 2 P 0
L 2.3858268 5.4822834 2.3858268 5.5413386 2 P 0
L 2.3858268 5.9547244 2.3858268 6.0137796 2 P 0
L 2.3860787 5.4822834 2.4175748 5.4822834 2 P 0
L 2.3860787 5.5413386 2.4175748 5.5413386 2 P 0
L 2.3959133 3.0474567 2.3959133 3.6454567 0 P 0
L 2.4173228 5.4822834 2.4173228 5.5413386 2 P 0
L 2.4173228 5.9547244 2.4173228 6.0137796 2 P 0
L 2.4249449 5.9547244 2.456441 5.9547244 2 P 0
L 2.4249449 6.0137796 2.456441 6.0137796 2 P 0
L 2.4251969 5.4822834 2.4251969 5.5413386 2 P 0
L 2.4251969 5.9547244 2.4251969 6.0137796 2 P 0
L 2.4254488 5.4822834 2.4569449 5.4822834 2 P 0
L 2.4254488 5.5413386 2.4569449 5.5413386 2 P 0
L 2.4265748 2.0772992 2.4265748 2.1352992 0 P 0
L 2.4311024 2.031748 2.4311024 2.0632441 2 P 0
L 2.4311024 2.1498582 2.4311024 2.1813543 2 P 0
L 2.4372047 2.397685 2.4372047 2.642685 1 P 0
L 2.4372047 3.7756378 2.4372047 4.0206378 1 P 0
L 2.4389764 2.3540787 2.4389764 2.3855748 2 P 0
L 2.4389764 3.7320315 2.4389764 3.7635276 2 P 0
L 2.4507874 1.3225827 2.4507874 1.3540788 2 P 0
L 2.4507874 1.3228347 2.5098426 1.3228347 2 P 0
L 2.4507874 1.3543307 2.5098426 1.3543307 2 P 0
L 2.4507874 1.3619528 2.4507874 1.3934489 2 P 0
L 2.4507874 1.3622048 2.5098426 1.3622048 2 P 0
L 2.4507874 1.3937008 2.5098426 1.3937008 2 P 0
L 2.4507874 3.1970473 2.5098426 3.1970473 2 P 0
L 2.4507874 3.1972992 2.4507874 3.2287953 2 P 0
L 2.4507874 3.2285433 2.5098426 3.2285433 2 P 0
L 2.4507874 3.2401025 2.4507874 3.2715986 2 P 0
L 2.4507874 3.2403545 2.5098426 3.2403545 2 P 0
L 2.4507874 3.2718505 2.5098426 3.2718505 2 P 0
L 2.4507874 3.2836615 2.5098426 3.2836615 2 P 0
L 2.4507874 3.2839134 2.4507874 3.3154095 2 P 0
L 2.4507874 3.3151575 2.5098426 3.3151575 2 P 0
L 2.4507874 3.3267166 2.4507874 3.3582127 2 P 0
L 2.4507874 3.3269686 2.5098426 3.3269686 2 P 0
L 2.4507874 3.3584646 2.5098426 3.3584646 2 P 0
L 2.4507874 3.3702756 2.5098426 3.3702756 2 P 0
L 2.4507874 3.3705275 2.4507874 3.4020236 2 P 0
L 2.4507874 3.4017716 2.5098426 3.4017716 2 P 0
L 2.4507874 3.4133308 2.4507874 3.4448269 2 P 0
L 2.4507874 3.4135828 2.5098426 3.4135828 2 P 0
L 2.4507874 3.4450788 2.5098426 3.4450788 2 P 0
L 2.4507874 3.4568898 2.5098426 3.4568898 2 P 0
L 2.4507874 3.4571417 2.4507874 3.4886378 2 P 0
L 2.4507874 3.4883858 2.5098426 3.4883858 2 P 0
L 2.4566929 5.4822834 2.4566929 5.5413386 2 P 0
L 2.4566929 5.9547244 2.4566929 6.0137796 2 P 0
L 2.464315 5.9547244 2.4958111 5.9547244 2 P 0
L 2.464315 6.0137796 2.4958111 6.0137796 2 P 0
L 2.464567 5.4822834 2.464567 5.5413386 2 P 0
L 2.464567 5.9547244 2.464567 6.0137796 2 P 0
L 2.4648189 5.4822834 2.496315 5.4822834 2 P 0
L 2.4648189 5.5413386 2.496315 5.5413386 2 P 0
L 2.496063 5.4822834 2.496063 5.5413386 2 P 0
L 2.496063 5.9547244 2.496063 6.0137796 2 P 0
L 2.5 5.6594488 2.5 5.8366142 1 P 0
L 2.503937 5.4822834 2.503937 5.5413386 2 P 0
L 2.5041889 5.4822834 2.535685 5.4822834 2 P 0
L 2.5041889 5.5413386 2.535685 5.5413386 2 P 0
L 2.5098426 1.3225827 2.5098426 1.3540788 2 P 0
L 2.5098426 1.3619528 2.5098426 1.3934489 2 P 0
L 2.5098426 3.1972992 2.5098426 3.2287953 2 P 0
L 2.5098426 3.2401025 2.5098426 3.2715986 2 P 0
L 2.5098426 3.2839134 2.5098426 3.3154095 2 P 0
L 2.5098426 3.3267166 2.5098426 3.3582127 2 P 0
L 2.5098426 3.3705275 2.5098426 3.4020236 2 P 0
L 2.5098426 3.4133308 2.5098426 3.4448269 2 P 0
L 2.5098426 3.4571417 2.5098426 3.4886378 2 P 0
L 2.535433 5.4822834 2.535433 5.5413386 2 P 0
L 2.5430551 1.1122047 2.5745512 1.1122047 2 P 0
L 2.5430551 1.1712599 2.5745512 1.1712599 2 P 0
L 2.5433071 0.5874016 2.5433071 0.6464568 2 P 0
L 2.5433071 1.1122047 2.5433071 1.1712599 2 P 0
L 2.543559 0.5874016 2.5750551 0.5874016 2 P 0
L 2.543559 0.6464568 2.5750551 0.6464568 2 P 0
L 2.5477953 1.2485827 2.5477953 1.4285827 0 P 0
L 2.5477953 1.2485827 2.7277953 1.2485827 0 P 0
L 2.5477953 1.4285827 2.7277953 1.4285827 0 P 0
L 2.5536772 0.4080709 2.5536772 0.4580709 0 P 0
L 2.5536772 0.4080709 2.6116772 0.4080709 0 P 0
L 2.5536772 0.4580709 2.6116772 0.4580709 0 P 0
L 2.5623543 3.1062362 2.5623543 4.2532362 0 P 0
L 2.5748031 0.5874016 2.5748031 0.6464568 2 P 0
L 2.5748031 1.1122047 2.5748031 1.1712599 2 P 0
L 2.5777953 0.5265512 2.5777953 0.6545512 0 P 0
L 2.5777953 0.5265512 2.6977953 0.5265512 0 P 0
L 2.5777953 0.6545512 2.6977953 0.6545512 0 P 0
L 2.5824252 0.7185039 2.6139213 0.7185039 2 P 0
L 2.5824252 0.7775591 2.6139213 0.7775591 2 P 0
L 2.5824252 1.1122047 2.6139213 1.1122047 2 P 0
L 2.5824252 1.1712599 2.6139213 1.1712599 2 P 0
L 2.5826772 0.7185039 2.5826772 0.7775591 2 P 0
L 2.5826772 1.1122047 2.5826772 1.1712599 2 P 0
L 2.5826772 1.5059055 2.5826772 1.5649607 2 P 0
L 2.5829291 1.5059055 2.6144252 1.5059055 2 P 0
L 2.5829291 1.5649607 2.6144252 1.5649607 2 P 0
L 2.6023622 5.6267711 2.6023622 5.6858263 2 P 0
L 2.6026141 5.6267711 2.6341102 5.6267711 2 P 0
L 2.6026141 5.6858263 2.6341102 5.6858263 2 P 0
L 2.6082677 2.495811 2.6082677 2.5273071 2 P 0
L 2.6082677 2.496063 2.6673229 2.496063 2 P 0
L 2.6082677 2.527559 2.6673229 2.527559 2 P 0
L 2.6082677 2.5588031 2.6082677 2.5902992 2 P 0
L 2.6082677 2.5590551 2.6673229 2.5590551 2 P 0
L 2.6082677 2.5905511 2.6673229 2.5905511 2 P 0
L 2.6082677 3.8737638 2.6082677 3.9052599 2 P 0
L 2.6082677 3.8740158 2.6673229 3.8740158 2 P 0
L 2.6082677 3.9055118 2.6673229 3.9055118 2 P 0
L 2.6082677 3.9367559 2.6082677 3.968252 2 P 0
L 2.6082677 3.9370079 2.6673229 3.9370079 2 P 0
L 2.6082677 3.9685039 2.6673229 3.9685039 2 P 0
L 2.6116772 0.4080709 2.6116772 0.4580709 0 P 0
L 2.6141732 0.7185039 2.6141732 0.7775591 2 P 0
L 2.6141732 1.1122047 2.6141732 1.1712599 2 P 0
L 2.6141732 1.5059055 2.6141732 1.5649607 2 P 0
L 2.6217953 0.7185039 2.6532914 0.7185039 2 P 0
L 2.6217953 0.7775591 2.6532914 0.7775591 2 P 0
L 2.6217954 1.1122047 2.6532915 1.1122047 2 P 0
L 2.6217954 1.1712599 2.6532915 1.1712599 2 P 0
L 2.6220473 0.4035433 2.6220473 0.4625985 2 P 0
L 2.6220473 0.7185039 2.6220473 0.7775591 2 P 0
L 2.6220473 1.5059055 2.6220473 1.5649607 2 P 0
L 2.6220474 1.1122047 2.6220474 1.1712599 2 P 0
L 2.6222992 0.4035433 2.6537953 0.4035433 2 P 0
L 2.6222992 0.4625985 2.6537953 0.4625985 2 P 0
L 2.6222992 1.5059055 2.6537953 1.5059055 2 P 0
L 2.6222992 1.5649607 2.6537953 1.5649607 2 P 0
L 2.6338582 5.6267711 2.6338582 5.6858263 2 P 0
L 2.6535433 0.4035433 2.6535433 0.4625985 2 P 0
L 2.6535433 0.7185039 2.6535433 0.7775591 2 P 0
L 2.6535433 1.5059055 2.6535433 1.5649607 2 P 0
L 2.6535434 1.1122047 2.6535434 1.1712599 2 P 0
L 2.6594489 0.4035433 2.6594489 0.4625985 2 P 0
L 2.6597008 0.4035433 2.6911969 0.4035433 2 P 0
L 2.6597008 0.4625985 2.6911969 0.4625985 2 P 0
L 2.6611654 0.7185039 2.6926615 0.7185039 2 P 0
L 2.6611654 0.7775591 2.6926615 0.7775591 2 P 0
L 2.6611654 1.1122047 2.6926615 1.1122047 2 P 0
L 2.6611654 1.1712599 2.6926615 1.1712599 2 P 0
L 2.6614174 0.7185039 2.6614174 0.7775591 2 P 0
L 2.6614174 1.1122047 2.6614174 1.1712599 2 P 0
L 2.6614174 1.5059055 2.6614174 1.5649607 2 P 0
L 2.6616693 1.5059055 2.6931654 1.5059055 2 P 0
L 2.6616693 1.5649607 2.6931654 1.5649607 2 P 0
L 2.6673229 2.495811 2.6673229 2.5273071 2 P 0
L 2.6673229 2.5588031 2.6673229 2.5902992 2 P 0
L 2.6673229 3.8737638 2.6673229 3.9052599 2 P 0
L 2.6673229 3.9367559 2.6673229 3.968252 2 P 0
L 2.6733465 4.7993307 2.6733465 5.9093307 0 P 0
L 2.6733465 4.7993307 3.7833465 4.7993307 0 P 0
L 2.6733465 5.9093307 3.7833465 5.9093307 0 P 0
L 2.6870078 2.0314961 2.746063 2.0314961 2 P 0
L 2.6870078 2.031748 2.6870078 2.0632441 2 P 0
L 2.6870078 2.0629921 2.746063 2.0629921 2 P 0
L 2.6870078 2.0706142 2.6870078 2.1021103 2 P 0
L 2.6870078 2.0708662 2.746063 2.0708662 2 P 0
L 2.6870078 2.1023622 2.746063 2.1023622 2 P 0
L 2.6870078 2.1102363 2.746063 2.1102363 2 P 0
L 2.6870078 2.1104882 2.6870078 2.1419843 2 P 0
L 2.6870078 2.1417323 2.746063 2.1417323 2 P 0
L 2.6870078 2.1496063 2.746063 2.1496063 2 P 0
L 2.6870078 2.1498582 2.6870078 2.1813543 2 P 0
L 2.6870078 2.1811023 2.746063 2.1811023 2 P 0
L 2.6909449 0.4035433 2.6909449 0.4625985 2 P 0
L 2.6929134 0.7185039 2.6929134 0.7775591 2 P 0
L 2.6929134 1.1122047 2.6929134 1.1712599 2 P 0
L 2.6929134 1.5059055 2.6929134 1.5649607 2 P 0
L 2.6949055 5.9689921 2.6949055 6.1569921 0 P 0
L 2.6949055 5.9689921 2.8519055 5.9689921 0 P 0
L 2.6949055 6.1569921 2.8519055 6.1569921 0 P 0
L 2.6977953 0.5265512 2.6977953 0.6545512 0 P 0
L 2.7005354 0.7185039 2.7320315 0.7185039 2 P 0
L 2.7005354 0.7775591 2.7320315 0.7775591 2 P 0
L 2.7005354 1.1122047 2.7320315 1.1122047 2 P 0
L 2.7005354 1.1712599 2.7320315 1.1712599 2 P 0
L 2.7007874 0.7185039 2.7007874 0.7775591 2 P 0
L 2.7007874 1.1122047 2.7007874 1.1712599 2 P 0
L 2.7066929 2.3523622 2.7066929 2.765748 0 P 0
L 2.7066929 2.3523622 3.1200787 2.3523622 0 P 0
L 2.7066929 2.765748 3.1200787 2.765748 0 P 0
L 2.7066929 3.730315 2.7066929 4.1437008 0 P 0
L 2.7066929 3.730315 3.1200787 3.730315 0 P 0
L 2.7066929 4.1437008 3.1200787 4.1437008 0 P 0
L 2.7277953 1.2485827 2.7277953 1.4285827 0 P 0
L 2.7322834 0.7185039 2.7322834 0.7775591 2 P 0
L 2.7322834 1.1122047 2.7322834 1.1712599 2 P 0
L 2.7399055 1.1122047 2.7714016 1.1122047 2 P 0
L 2.7399055 1.1712599 2.7714016 1.1712599 2 P 0
L 2.7399055 2.9822834 2.7714016 2.9822834 2 P 0
L 2.7399055 3.0413386 2.7714016 3.0413386 2 P 0
L 2.7401575 1.1122047 2.7401575 1.1712599 2 P 0
L 2.7401575 2.9822834 2.7401575 3.0413386 2 P 0
L 2.746063 2.031748 2.746063 2.0632441 2 P 0
L 2.746063 2.0706142 2.746063 2.1021103 2 P 0
L 2.746063 2.1104882 2.746063 2.1419843 2 P 0
L 2.746063 2.1498582 2.746063 2.1813543 2 P 0
L 2.765748 1.3622048 2.8248032 1.3622048 2 P 0
L 2.765748 1.3624567 2.765748 1.3939528 2 P 0
L 2.765748 1.3937008 2.8248032 1.3937008 2 P 0
L 2.765748 2.0314961 2.8248032 2.0314961 2 P 0
L 2.765748 2.031748 2.765748 2.0632441 2 P 0
L 2.765748 2.0629921 2.8248032 2.0629921 2 P 0
L 2.765748 2.1496063 2.8248032 2.1496063 2 P 0
L 2.765748 2.1498582 2.765748 2.1813543 2 P 0
L 2.765748 2.1811023 2.8248032 2.1811023 2 P 0
L 2.7702756 2.0772992 2.7702756 2.1352992 0 P 0
L 2.7702756 2.0772992 2.8202756 2.0772992 0 P 0
L 2.7702756 2.1352992 2.8202756 2.1352992 0 P 0
L 2.7716535 1.1122047 2.7716535 1.1712599 2 P 0
L 2.7716535 2.9822834 2.7716535 3.0413386 2 P 0
L 2.7792756 2.9822834 2.8107717 2.9822834 2 P 0
L 2.7792756 3.0413386 2.8107717 3.0413386 2 P 0
L 2.7792756 3.1791338 2.8107717 3.1791338 2 P 0
L 2.7792756 3.238189 2.8107717 3.238189 2 P 0
L 2.7795276 2.9822834 2.7795276 3.0413386 2 P 0
L 2.7795276 3.1791338 2.7795276 3.238189 2 P 0
L 2.8110236 2.9822834 2.8110236 3.0413386 2 P 0
L 2.8110236 3.1791338 2.8110236 3.238189 2 P 0
L 2.819685 2.7795276 2.8787402 2.7795276 2 P 0
L 2.819685 2.7797795 2.819685 2.8112756 2 P 0
L 2.819685 2.8110236 2.8787402 2.8110236 2 P 0
L 2.8202756 2.0772992 2.8202756 2.1352992 0 P 0
L 2.8248032 1.3624567 2.8248032 1.3939528 2 P 0
L 2.8248032 2.031748 2.8248032 2.0632441 2 P 0
L 2.8248032 2.1498582 2.8248032 2.1813543 2 P 0
L 2.8501417 4.1830708 2.8816378 4.1830708 2 P 0
L 2.8501417 4.242126 2.8816378 4.242126 2 P 0
L 2.8503937 4.1830708 2.8503937 4.242126 2 P 0
L 2.8519055 5.9689921 2.8519055 6.1569921 0 P 0
L 2.8537559 2.9752362 2.8537559 3.2442362 0 P 0
L 2.8537559 2.9752362 3.0517559 2.9752362 0 P 0
L 2.8537559 3.2442362 3.0517559 3.2442362 0 P 0
L 2.8580157 6.0503936 2.8895118 6.0503936 2 P 0
L 2.8580157 6.1094488 2.8895118 6.1094488 2 P 0
L 2.8582677 6.0503936 2.8582677 6.1094488 2 P 0
L 2.8787402 2.7797795 2.8787402 2.8112756 2 P 0
L 2.8818897 4.1830708 2.8818897 4.242126 2 P 0
L 2.8818898 4.1830708 2.8818898 4.242126 2 P 0
L 2.8821417 4.1830708 2.9136378 4.1830708 2 P 0
L 2.8821417 4.242126 2.9136378 4.242126 2 P 0
L 2.8850393 2.7795276 2.9440945 2.7795276 2 P 0
L 2.8850393 2.7797795 2.8850393 2.8112756 2 P 0
L 2.8850393 2.8110236 2.9440945 2.8110236 2 P 0
L 2.8897637 6.0503936 2.8897637 6.1094488 2 P 0
L 2.8973858 6.0503936 2.9288819 6.0503936 2 P 0
L 2.8973858 6.1094488 2.9288819 6.1094488 2 P 0
L 2.8976378 6.0503936 2.8976378 6.1094488 2 P 0
L 2.9133858 4.1830708 2.9133858 4.242126 2 P 0
L 2.9133858 4.1830708 2.9133858 4.242126 2 P 0
L 2.9136377 4.1830708 2.9451338 4.1830708 2 P 0
L 2.9136377 4.242126 2.9451338 4.242126 2 P 0
L 2.9291338 6.0503936 2.9291338 6.1094488 2 P 0
L 2.9440945 2.7797795 2.9440945 2.8112756 2 P 0
L 2.9444961 1.2515827 2.9444961 1.4255827 0 P 0
L 2.9444961 1.2515827 3.1184961 1.2515827 0 P 0
L 2.9444961 1.4255827 3.1184961 1.4255827 0 P 0
L 2.9448818 4.1830708 2.9448818 4.242126 2 P 0
L 2.9448819 4.1830708 2.9448819 4.242126 2 P 0
L 2.9451338 4.1830708 2.9766299 4.1830708 2 P 0
L 2.9451338 4.242126 2.9766299 4.242126 2 P 0
L 2.9625984 6.0469921 2.9625984 6.0784882 2 P 0
L 2.9625984 6.0472441 3.0216536 6.0472441 2 P 0
L 2.9625984 6.0787401 3.0216536 6.0787401 2 P 0
L 2.9763779 4.1830708 2.9763779 4.242126 2 P 0
L 3.0216536 6.0469921 3.0216536 6.0784882 2 P 0
L 3.0413385 4.7480315 3.1003937 4.7480315 2 P 0
L 3.0413385 4.7482834 3.0413385 4.7797795 2 P 0
L 3.0413385 4.7795275 3.1003937 4.7795275 2 P 0
L 3.0517559 2.9752362 3.0517559 3.2442362 0 P 0
L 3.0548661 6.0503936 3.0863622 6.0503936 2 P 0
L 3.0548661 6.1094488 3.0863622 6.1094488 2 P 0
L 3.0551181 6.0503936 3.0551181 6.1094488 2 P 0
L 3.0866141 6.0503936 3.0866141 6.1094488 2 P 0
L 3.0942362 6.0503936 3.1257323 6.0503936 2 P 0
L 3.0942362 6.1094488 3.1257323 6.1094488 2 P 0
L 3.0944882 6.0503936 3.0944882 6.1094488 2 P 0
L 3.1003937 4.7482834 3.1003937 4.7797795 2 P 0
L 3.1184961 1.2515827 3.1184961 1.4255827 0 P 0
L 3.1200787 2.3523622 3.1200787 2.765748 0 P 0
L 3.1200787 3.730315 3.1200787 4.1437008 0 P 0
L 3.1259842 6.0503936 3.1259842 6.1094488 2 P 0
L 3.1594488 2.4645669 3.218504 2.4645669 2 P 0
L 3.1594488 2.4648188 3.1594488 2.4963149 2 P 0
L 3.1594488 2.4960629 3.218504 2.4960629 2 P 0
L 3.1594488 3.8425197 3.218504 3.8425197 2 P 0
L 3.1594488 3.8427716 3.1594488 3.8742677 2 P 0
L 3.1594488 3.8740157 3.218504 3.8740157 2 P 0
L 3.1926614 0.6397637 3.2241575 0.6397637 2 P 0
L 3.1926614 0.6988189 3.2241575 0.6988189 2 P 0
L 3.1929134 0.4822834 3.1929134 0.5413386 2 P 0
L 3.1929134 0.6397637 3.1929134 0.6988189 2 P 0
L 3.1931653 0.4822834 3.2246614 0.4822834 2 P 0
L 3.1931653 0.5413386 3.2246614 0.5413386 2 P 0
L 3.2137165 1.2775827 3.2137165 1.3995827 0 P 0
L 3.2137165 1.2775827 3.3217165 1.2775827 0 P 0
L 3.2137165 1.3995827 3.3217165 1.3995827 0 P 0
L 3.2147717 0.9473622 3.2147717 1.2573622 0 P 0
L 3.2147717 0.9473622 3.4387717 0.9473622 0 P 0
L 3.2147717 1.2573622 3.4387717 1.2573622 0 P 0
L 3.2147717 1.4198031 3.2147717 1.7298031 0 P 0
L 3.2147717 1.4198031 3.4387717 1.4198031 0 P 0
L 3.2147717 1.7298031 3.4387717 1.7298031 0 P 0
L 3.218504 2.4648188 3.218504 2.4963149 2 P 0
L 3.218504 3.8427716 3.218504 3.8742677 2 P 0
L 3.2244094 0.4822834 3.2244094 0.5413386 2 P 0
L 3.2244094 0.6397637 3.2244094 0.6988189 2 P 0
L 3.2480866 0.4835512 3.2480866 0.6985512 0 P 0
L 3.2480866 0.4835512 3.3660866 0.4835512 0 P 0
L 3.2480866 0.6985512 3.3660866 0.6985512 0 P 0
L 3.2782914 0.4035433 3.3097875 0.4035433 2 P 0
L 3.2782914 0.4625985 3.3097875 0.4625985 2 P 0
L 3.2782914 0.7185039 3.3097875 0.7185039 2 P 0
L 3.2782914 0.7775591 3.3097875 0.7775591 2 P 0
L 3.2785434 0.4035433 3.2785434 0.4625985 2 P 0
L 3.2785434 0.7185039 3.2785434 0.7775591 2 P 0
L 3.3100394 0.4035433 3.3100394 0.4625985 2 P 0
L 3.3100394 0.7185039 3.3100394 0.7775591 2 P 0
L 3.3169291 2.3543306 3.3759843 2.3543306 2 P 0
L 3.3169291 2.3545825 3.3169291 2.3860786 2 P 0
L 3.3169291 2.3858266 3.3759843 2.3858266 2 P 0
L 3.3169291 2.4052597 3.3169291 2.4367558 2 P 0
L 3.3169291 2.4055117 3.3759843 2.4055117 2 P 0
L 3.3169291 2.4370077 3.3759843 2.4370077 2 P 0
L 3.3169291 2.4566929 3.3759843 2.4566929 2 P 0
L 3.3169291 2.4569448 3.3169291 2.4884409 2 P 0
L 3.3169291 2.4881889 3.3759843 2.4881889 2 P 0
L 3.3169291 2.507622 3.3169291 2.5391181 2 P 0
L 3.3169291 2.507874 3.3759843 2.507874 2 P 0
L 3.3169291 2.53937 3.3759843 2.53937 2 P 0
L 3.3169291 2.6296692 3.3169291 2.6611653 2 P 0
L 3.3169291 2.6299212 3.3759843 2.6299212 2 P 0
L 3.3169291 2.6614172 3.3759843 2.6614172 2 P 0
L 3.3169291 2.6808504 3.3169291 2.7123465 2 P 0
L 3.3169291 2.6811024 3.3759843 2.6811024 2 P 0
L 3.3169291 2.7125984 3.3759843 2.7125984 2 P 0
L 3.3169291 2.7320316 3.3169291 2.7635277 2 P 0
L 3.3169291 2.7322836 3.3759843 2.7322836 2 P 0
L 3.3169291 2.7637796 3.3759843 2.7637796 2 P 0
L 3.3169291 2.7832127 3.3169291 2.8147088 2 P 0
L 3.3169291 2.7834647 3.3759843 2.7834647 2 P 0
L 3.3169291 2.8149607 3.3759843 2.8149607 2 P 0
L 3.3169291 2.8442363 3.3169291 2.8757324 2 P 0
L 3.3169291 2.8444883 3.3759843 2.8444883 2 P 0
L 3.3169291 2.8759843 3.3759843 2.8759843 2 P 0
L 3.3169291 2.9052599 3.3169291 2.936756 2 P 0
L 3.3169291 2.9055119 3.3759843 2.9055119 2 P 0
L 3.3169291 2.9370079 3.3759843 2.9370079 2 P 0
L 3.3169291 2.956441 3.3169291 2.9879371 2 P 0
L 3.3169291 2.956693 3.3759843 2.956693 2 P 0
L 3.3169291 2.988189 3.3759843 2.988189 2 P 0
L 3.3169291 3.0076222 3.3169291 3.0391183 2 P 0
L 3.3169291 3.0078742 3.3759843 3.0078742 2 P 0
L 3.3169291 3.0393702 3.3759843 3.0393702 2 P 0
L 3.3169291 3.0588033 3.3169291 3.0902994 2 P 0
L 3.3169291 3.0590553 3.3759843 3.0590553 2 P 0
L 3.3169291 3.0905513 3.3759843 3.0905513 2 P 0
L 3.3169291 3.5174646 3.3169291 3.5489607 2 P 0
L 3.3169291 3.5177166 3.3759843 3.5177166 2 P 0
L 3.3169291 3.5492126 3.3759843 3.5492126 2 P 0
L 3.3169291 3.5570867 3.3759843 3.5570867 2 P 0
L 3.3169291 3.5573386 3.3169291 3.5888347 2 P 0
L 3.3169291 3.5885827 3.3759843 3.5885827 2 P 0
L 3.3169291 3.5964567 3.3759843 3.5964567 2 P 0
L 3.3169291 3.5967086 3.3169291 3.6282047 2 P 0
L 3.3169291 3.6279527 3.3759843 3.6279527 2 P 0
L 3.3169291 4.0108268 3.3759843 4.0108268 2 P 0
L 3.3169291 4.0110787 3.3169291 4.0425748 2 P 0
L 3.3169291 4.0423228 3.3759843 4.0423228 2 P 0
L 3.3169291 4.061756 3.3169291 4.0932521 2 P 0
L 3.3169291 4.062008 3.3759843 4.062008 2 P 0
L 3.3169291 4.093504 3.3759843 4.093504 2 P 0
L 3.3217165 1.2775827 3.3217165 1.3995827 0 P 0
L 3.3294725 0.4035433 3.3609686 0.4035433 2 P 0
L 3.3294725 0.4625985 3.3609686 0.4625985 2 P 0
L 3.3294725 0.7185039 3.3609686 0.7185039 2 P 0
L 3.3294725 0.7775591 3.3609686 0.7775591 2 P 0
L 3.3297245 0.4035433 3.3297245 0.4625985 2 P 0
L 3.3297245 0.7185039 3.3297245 0.7775591 2 P 0
L 3.3590548 4.7477795 3.3590548 4.7792756 2 P 0
L 3.3590548 4.7480315 3.41811 4.7480315 2 P 0
L 3.3590548 4.7795275 3.41811 4.7795275 2 P 0
L 3.3612205 0.4035433 3.3612205 0.4625985 2 P 0
L 3.3612205 0.7185039 3.3612205 0.7775591 2 P 0
L 3.3660866 0.4835512 3.3660866 0.6985512 0 P 0
L 3.3759843 2.3545825 3.3759843 2.3860786 2 P 0
L 3.3759843 2.4052597 3.3759843 2.4367558 2 P 0
L 3.3759843 2.4569448 3.3759843 2.4884409 2 P 0
L 3.3759843 2.507622 3.3759843 2.5391181 2 P 0
L 3.3759843 2.6296692 3.3759843 2.6611653 2 P 0
L 3.3759843 2.6808504 3.3759843 2.7123465 2 P 0
L 3.3759843 2.7320316 3.3759843 2.7635277 2 P 0
L 3.3759843 2.7832127 3.3759843 2.8147088 2 P 0
L 3.3759843 2.8442363 3.3759843 2.8757324 2 P 0
L 3.3759843 2.9052599 3.3759843 2.936756 2 P 0
L 3.3759843 2.956441 3.3759843 2.9879371 2 P 0
L 3.3759843 3.0076222 3.3759843 3.0391183 2 P 0
L 3.3759843 3.0588033 3.3759843 3.0902994 2 P 0
L 3.3759843 3.5174646 3.3759843 3.5489607 2 P 0
L 3.3759843 3.5573386 3.3759843 3.5888347 2 P 0
L 3.3759843 3.5967086 3.3759843 3.6282047 2 P 0
L 3.3759843 4.0110787 3.3759843 4.0425748 2 P 0
L 3.3759843 4.061756 3.3759843 4.0932521 2 P 0
L 3.3956693 1.2834646 3.4547245 1.2834646 2 P 0
L 3.3956693 1.2837165 3.3956693 1.3152126 2 P 0
L 3.3956693 1.3149606 3.4547245 1.3149606 2 P 0
L 3.3956693 1.3225827 3.3956693 1.3540788 2 P 0
L 3.3956693 1.3228347 3.4547245 1.3228347 2 P 0
L 3.3956693 1.3543307 3.4547245 1.3543307 2 P 0
L 3.3956693 1.3619528 3.3956693 1.3934489 2 P 0
L 3.3956693 1.3622048 3.4547245 1.3622048 2 P 0
L 3.3956693 1.3937008 3.4547245 1.3937008 2 P 0
L 3.4083071 2.3478503 3.4083071 2.5458503 0 P 0
L 3.4083071 2.3478503 3.6773071 2.3478503 0 P 0
L 3.4083071 2.5458503 3.6773071 2.5458503 0 P 0
L 3.4083071 2.6234409 3.4083071 2.8214409 0 P 0
L 3.4083071 2.6234409 3.6773071 2.6234409 0 P 0
L 3.4083071 2.8214409 3.6773071 2.8214409 0 P 0
L 3.4083071 2.8990315 3.4083071 3.0970315 0 P 0
L 3.4083071 2.8990315 3.6773071 2.8990315 0 P 0
L 3.4083071 3.0970315 3.6773071 3.0970315 0 P 0
L 3.4083071 3.7860079 3.4083071 4.0880079 0 P 0
L 3.4083071 3.7860079 3.6773071 3.7860079 0 P 0
L 3.4083071 4.0880079 3.6773071 4.0880079 0 P 0
L 3.4094489 0.7185039 3.4094489 0.7775591 2 P 0
L 3.4097008 0.7185039 3.4411969 0.7185039 2 P 0
L 3.4097008 0.7775591 3.4411969 0.7775591 2 P 0
L 3.41811 4.7477795 3.41811 4.7792756 2 P 0
L 3.4225669 0.5345512 3.4225669 0.6465512 0 P 0
L 3.4225669 0.5345512 3.5065669 0.5345512 0 P 0
L 3.4225669 0.6465512 3.5065669 0.6465512 0 P 0
L 3.4387717 0.9473622 3.4387717 1.2573622 0 P 0
L 3.4387717 1.4198031 3.4387717 1.7298031 0 P 0
L 3.4409449 0.7185039 3.4409449 0.7775591 2 P 0
L 3.4485669 1.1712598 3.480063 1.1712598 2 P 0
L 3.4485669 1.230315 3.480063 1.230315 2 P 0
L 3.448567 0.4035433 3.4800631 0.4035433 2 P 0
L 3.448567 0.4625985 3.4800631 0.4625985 2 P 0
L 3.4488189 0.7185039 3.4488189 0.7775591 2 P 0
L 3.4488189 1.1712598 3.4488189 1.230315 2 P 0
L 3.448819 0.4035433 3.448819 0.4625985 2 P 0
L 3.449063 1.4468503 3.4805591 1.4468503 2 P 0
L 3.449063 1.5059055 3.4805591 1.5059055 2 P 0
L 3.4490708 0.7185039 3.4805669 0.7185039 2 P 0
L 3.4490708 0.7775591 3.4805669 0.7775591 2 P 0
L 3.449315 1.4468503 3.449315 1.5059055 2 P 0
L 3.4547245 1.2837165 3.4547245 1.3152126 2 P 0
L 3.4547245 1.3225827 3.4547245 1.3540788 2 P 0
L 3.4547245 1.3619528 3.4547245 1.3934489 2 P 0
L 3.4633071 3.4443071 3.4633071 3.6423071 1 P 0
L 3.4633071 3.4443071 3.6233071 3.4443071 1 P 0
L 3.4633071 3.6423071 3.6233071 3.6423071 1 P 0
L 3.4727362 6.0439921 3.4727362 6.0819921 0 P 0
L 3.4727362 6.0439921 3.5727362 6.0439921 0 P 0
L 3.4727362 6.0819921 3.5727362 6.0819921 0 P 0
L 3.4803149 0.7185039 3.4803149 0.7775591 2 P 0
L 3.4803149 1.1712598 3.4803149 1.230315 2 P 0
L 3.480315 0.4035433 3.480315 0.4625985 2 P 0
L 3.480811 1.4468503 3.480811 1.5059055 2 P 0
L 3.487937 0.4035433 3.5194331 0.4035433 2 P 0
L 3.487937 0.4625985 3.5194331 0.4625985 2 P 0
L 3.487937 0.7185039 3.5194331 0.7185039 2 P 0
L 3.487937 0.7775591 3.5194331 0.7775591 2 P 0
L 3.488189 0.4035433 3.488189 0.4625985 2 P 0
L 3.488189 0.7185039 3.488189 0.7775591 2 P 0
L 3.488189 1.1712598 3.488189 1.230315 2 P 0
L 3.4884409 1.1712598 3.519937 1.1712598 2 P 0
L 3.4884409 1.230315 3.519937 1.230315 2 P 0
L 3.4886851 1.4468503 3.4886851 1.5059055 2 P 0
L 3.488937 1.4468503 3.5204331 1.4468503 2 P 0
L 3.488937 1.5059055 3.5204331 1.5059055 2 P 0
L 3.5065669 0.5345512 3.5065669 0.6465512 0 P 0
L 3.5137795 5.968252 3.5137795 5.9997481 2 P 0
L 3.5137795 5.968504 3.5728347 5.968504 2 P 0
L 3.5137795 6 3.5728347 6 2 P 0
L 3.5137795 6.007622 3.5137795 6.0391181 2 P 0
L 3.5137795 6.007874 3.5728347 6.007874 2 P 0
L 3.5137795 6.03937 3.5728347 6.03937 2 P 0
L 3.519685 0.4035433 3.519685 0.4625985 2 P 0
L 3.519685 0.7185039 3.519685 0.7775591 2 P 0
L 3.519685 1.1712598 3.519685 1.230315 2 P 0
L 3.5201811 1.4468503 3.5201811 1.5059055 2 P 0
L 3.5347369 6.0917323 3.5347369 6.1917323 0 P 0
L 3.5347369 6.0917323 3.5727369 6.0917323 0 P 0
L 3.5347369 6.1917323 3.5727369 6.1917323 0 P 0
L 3.5727362 6.0439921 3.5727362 6.0819921 0 P 0
L 3.5727369 6.0917323 3.5727369 6.1917323 0 P 0
L 3.5728347 5.968252 3.5728347 5.9997481 2 P 0
L 3.5728347 6.007622 3.5728347 6.0391181 2 P 0
L 3.5925196 5.968504 3.6515748 5.968504 2 P 0
L 3.5925196 5.9687559 3.5925196 6.000252 2 P 0
L 3.5925196 6 3.6515748 6 2 P 0
L 3.5925196 6.007874 3.6515748 6.007874 2 P 0
L 3.5925196 6.0081259 3.5925196 6.039622 2 P 0
L 3.5925196 6.03937 3.6515748 6.03937 2 P 0
L 3.5926142 6.0917323 3.5926142 6.1917323 0 P 0
L 3.5926142 6.0917323 3.6306142 6.0917323 0 P 0
L 3.5926142 6.1917323 3.6306142 6.1917323 0 P 0
L 3.5926181 6.0439921 3.5926181 6.0819921 0 P 0
L 3.5926181 6.0439921 3.6926181 6.0439921 0 P 0
L 3.5926181 6.0819921 3.6926181 6.0819921 0 P 0
L 3.6111575 0.3505512 3.6111575 0.8315512 2 P 0
L 3.6111575 0.3505512 3.8701575 0.3505512 2 P 0
L 3.6111575 0.8315512 3.8701575 0.8315512 2 P 0
L 3.6233071 3.4443071 3.6233071 3.6423071 1 P 0
L 3.6257323 1.0661417 3.6572284 1.0661417 2 P 0
L 3.6257323 1.1251969 3.6572284 1.1251969 2 P 0
L 3.6257323 1.3295276 3.6572284 1.3295276 2 P 0
L 3.6257323 1.3885828 3.6572284 1.3885828 2 P 0
L 3.6257323 1.565748 3.6572284 1.565748 2 P 0
L 3.6257323 1.6248032 3.6572284 1.6248032 2 P 0
L 3.6259843 1.0661417 3.6259843 1.1251969 2 P 0
L 3.6259843 1.1515748 3.6259843 1.21063 2 P 0
L 3.6259843 1.3295276 3.6259843 1.3885828 2 P 0
L 3.6259843 1.565748 3.6259843 1.6248032 2 P 0
L 3.6262362 1.1515748 3.6577323 1.1515748 2 P 0
L 3.6262362 1.21063 3.6577323 1.21063 2 P 0
L 3.6306142 6.0917323 3.6306142 6.1917323 0 P 0
L 3.6515748 5.9687559 3.6515748 6.000252 2 P 0
L 3.6515748 6.0081259 3.6515748 6.039622 2 P 0
L 3.6574803 1.0661417 3.6574803 1.1251969 2 P 0
L 3.6574803 1.1515748 3.6574803 1.21063 2 P 0
L 3.6574803 1.3295276 3.6574803 1.3885828 2 P 0
L 3.6574803 1.565748 3.6574803 1.6248032 2 P 0
L 3.6701575 1.2785827 3.6701575 1.3985827 0 P 0
L 3.6701575 1.2785827 3.8101575 1.2785827 0 P 0
L 3.6701575 1.3985827 3.8101575 1.3985827 0 P 0
L 3.6701575 1.5148031 3.6701575 1.6348031 0 P 0
L 3.6701575 1.5148031 3.8101575 1.5148031 0 P 0
L 3.6701575 1.6348031 3.8101575 1.6348031 0 P 0
L 3.6722441 1.0581102 3.6722441 1.1466535 1 P 0
L 3.6722441 1.0581102 3.8080709 1.0581102 1 P 0
L 3.6722441 1.1466535 3.8080709 1.1466535 1 P 0
L 3.6773071 2.3478503 3.6773071 2.5458503 0 P 0
L 3.6773071 2.6234409 3.6773071 2.8214409 0 P 0
L 3.6773071 2.8990315 3.6773071 3.0970315 0 P 0
L 3.6773071 3.7860079 3.6773071 4.0880079 0 P 0
L 3.6926181 6.0439921 3.6926181 6.0819921 0 P 0
L 3.7106299 2.3543306 3.7696851 2.3543306 2 P 0
L 3.7106299 2.3545825 3.7106299 2.3860786 2 P 0
L 3.7106299 2.3858266 3.7696851 2.3858266 2 P 0
L 3.7106299 2.4052597 3.7106299 2.4367558 2 P 0
L 3.7106299 2.4055117 3.7696851 2.4055117 2 P 0
L 3.7106299 2.4370077 3.7696851 2.4370077 2 P 0
L 3.7106299 2.4566929 3.7696851 2.4566929 2 P 0
L 3.7106299 2.4569448 3.7106299 2.4884409 2 P 0
L 3.7106299 2.4881889 3.7696851 2.4881889 2 P 0
L 3.7106299 2.507622 3.7106299 2.5391181 2 P 0
L 3.7106299 2.507874 3.7696851 2.507874 2 P 0
L 3.7106299 2.53937 3.7696851 2.53937 2 P 0
L 3.7106299 2.6299211 3.7696851 2.6299211 2 P 0
L 3.7106299 2.630173 3.7106299 2.6616691 2 P 0
L 3.7106299 2.6614171 3.7696851 2.6614171 2 P 0
L 3.7106299 2.6811023 3.7696851 2.6811023 2 P 0
L 3.7106299 2.6813542 3.7106299 2.7128503 2 P 0
L 3.7106299 2.7125983 3.7696851 2.7125983 2 P 0
L 3.7106299 2.7322835 3.7696851 2.7322835 2 P 0
L 3.7106299 2.7325354 3.7106299 2.7640315 2 P 0
L 3.7106299 2.7637795 3.7696851 2.7637795 2 P 0
L 3.7106299 2.7834646 3.7696851 2.7834646 2 P 0
L 3.7106299 2.7837165 3.7106299 2.8152126 2 P 0
L 3.7106299 2.8149606 3.7696851 2.8149606 2 P 0
L 3.7106299 2.8444882 3.7696851 2.8444882 2 P 0
L 3.7106299 2.8447401 3.7106299 2.8762362 2 P 0
L 3.7106299 2.8759842 3.7696851 2.8759842 2 P 0
L 3.7106299 3.0590552 3.7696851 3.0590552 2 P 0
L 3.7106299 3.0593071 3.7106299 3.0908032 2 P 0
L 3.7106299 3.0905512 3.7696851 3.0905512 2 P 0
L 3.7106299 4.062008 3.7696851 4.062008 2 P 0
L 3.7106299 4.0622599 3.7106299 4.093756 2 P 0
L 3.7106299 4.093504 3.7696851 4.093504 2 P 0
L 3.7696851 2.3545825 3.7696851 2.3860786 2 P 0
L 3.7696851 2.4052597 3.7696851 2.4367558 2 P 0
L 3.7696851 2.4569448 3.7696851 2.4884409 2 P 0
L 3.7696851 2.507622 3.7696851 2.5391181 2 P 0
L 3.7696851 2.630173 3.7696851 2.6616691 2 P 0
L 3.7696851 2.6813542 3.7696851 2.7128503 2 P 0
L 3.7696851 2.7325354 3.7696851 2.7640315 2 P 0
L 3.7696851 2.7837165 3.7696851 2.8152126 2 P 0
L 3.7696851 2.8447401 3.7696851 2.8762362 2 P 0
L 3.7696851 3.0593071 3.7696851 3.0908032 2 P 0
L 3.7696851 4.0622599 3.7696851 4.093756 2 P 0
L 3.7833465 4.7993307 3.7833465 5.9093307 0 P 0
L 3.8080709 1.0581102 3.8080709 1.1466535 1 P 0
L 3.8101575 1.2785827 3.8101575 1.3985827 0 P 0
L 3.8101575 1.5148031 3.8101575 1.6348031 0 P 0
L 3.8195827 1.2949804 3.8195827 1.3949804 0 P 0
L 3.8195827 1.2949804 3.8575827 1.2949804 0 P 0
L 3.8195827 1.3949804 3.8575827 1.3949804 0 P 0
L 3.8195827 1.5312008 3.8195827 1.6312008 0 P 0
L 3.8195827 1.5312008 3.8575827 1.5312008 0 P 0
L 3.8195827 1.6312008 3.8575827 1.6312008 0 P 0
L 3.8228347 1.0661417 3.8228347 1.1251969 2 P 0
L 3.8230866 1.0661417 3.8545827 1.0661417 2 P 0
L 3.8230866 1.1251969 3.8545827 1.1251969 2 P 0
L 3.8425197 5.5019685 3.8425197 5.5610237 2 P 0
L 3.8427716 5.5019685 3.8742677 5.5019685 2 P 0
L 3.8427716 5.5610237 3.8742677 5.5610237 2 P 0
L 3.8543307 1.0661417 3.8543307 1.1251969 2 P 0
L 3.8575827 1.2949804 3.8575827 1.3949804 0 P 0
L 3.8575827 1.5312008 3.8575827 1.6312008 0 P 0
L 3.8622048 1.3295276 3.8622048 1.3885828 2 P 0
L 3.8622048 1.565748 3.8622048 1.6248032 2 P 0
L 3.8624567 1.3295276 3.8939528 1.3295276 2 P 0
L 3.8624567 1.3885828 3.8939528 1.3885828 2 P 0
L 3.8624567 1.565748 3.8939528 1.565748 2 P 0
L 3.8624567 1.6248032 3.8939528 1.6248032 2 P 0
L 3.8701575 0.3505512 3.8701575 0.8315512 2 P 0
L 3.8740157 5.5019685 3.8740157 5.5610237 2 P 0
L 3.8937008 1.3295276 3.8937008 1.3885828 2 P 0
L 3.8937008 1.565748 3.8937008 1.6248032 2 P 0
L 3.9013228 1.3295276 3.9328189 1.3295276 2 P 0
L 3.9013228 1.3885828 3.9328189 1.3885828 2 P 0
L 3.9013228 1.565748 3.9328189 1.565748 2 P 0
L 3.9013228 1.6248032 3.9328189 1.6248032 2 P 0
L 3.9015748 1.3295276 3.9015748 1.3885828 2 P 0
L 3.9015748 1.565748 3.9015748 1.6248032 2 P 0
L 3.9074803 6.062 3.9074803 6.0934961 2 P 0
L 3.9074803 6.062252 3.9665355 6.062252 2 P 0
L 3.9074803 6.093748 3.9665355 6.093748 2 P 0
L 3.9087086 4.8368898 3.9087087 5.8488898 0 P 0
L 3.9087086 4.8368898 4.6447087 4.8368898 0 P 0
L 3.9087087 5.8488898 4.6447087 5.8488898 0 P 0
L 3.9330708 1.3295276 3.9330708 1.3885828 2 P 0
L 3.9330708 1.565748 3.9330708 1.6248032 2 P 0
L 3.9665355 6.062 3.9665355 6.0934961 2 P 0
L 4.0194331 4.6161417 4.0509292 4.6161417 2 P 0
L 4.0194331 4.6751969 4.0509292 4.6751969 2 P 0
L 4.0196851 4.6161417 4.0196851 4.6751969 2 P 0
L 4.0511811 4.6161417 4.0511811 4.6751969 2 P 0
L 4.0588031 4.6161417 4.0902992 4.6161417 2 P 0
L 4.0588031 4.6751969 4.0902992 4.6751969 2 P 0
L 4.0590551 4.6161417 4.0590551 4.6751969 2 P 0
L 4.0905511 4.6161417 4.0905511 4.6751969 2 P 0
L 4.0984252 4.6161417 4.0984252 4.6751969 2 P 0
L 4.0986771 4.6161417 4.1301732 4.6161417 2 P 0
L 4.0986771 4.6751969 4.1301732 4.6751969 2 P 0
L 4.1299212 4.6161417 4.1299212 4.6751969 2 P 0
L 4.1442283 4.6206693 4.1442283 4.6706693 0 P 0
L 4.1442283 4.6206693 4.2022283 4.6206693 0 P 0
L 4.1442283 4.6706693 4.2022283 4.6706693 0 P 0
L 4.1830708 4.7871496 4.1830708 4.8186457 2 P 0
L 4.1830708 4.7874016 4.242126 4.7874016 2 P 0
L 4.1830708 4.8188976 4.242126 4.8188976 2 P 0
L 4.2022283 4.6206693 4.2022283 4.6706693 0 P 0
L 4.242126 4.7871496 4.242126 4.8186457 2 P 0
L 4.281496 4.7871496 4.281496 4.8186457 2 P 0
L 4.281496 4.7874016 4.3405512 4.7874016 2 P 0
L 4.281496 4.8188976 4.3405512 4.8188976 2 P 0
L 4.3011811 6.0616142 4.3602363 6.0616142 2 P 0
L 4.3011811 6.0618661 4.3011811 6.0933622 2 P 0
L 4.3011811 6.0931102 4.3602363 6.0931102 2 P 0
L 4.3011811 6.1116142 4.3602363 6.1116142 2 P 0
L 4.3011811 6.1118661 4.3011811 6.1433622 2 P 0
L 4.3011811 6.1431102 4.3602363 6.1431102 2 P 0
L 4.3011811 6.1616142 4.3602363 6.1616142 2 P 0
L 4.3011811 6.1618661 4.3011811 6.1933622 2 P 0
L 4.3011811 6.1931102 4.3602363 6.1931102 2 P 0
L 4.3011811 6.2009843 4.3602363 6.2009843 2 P 0
L 4.3011811 6.2012362 4.3011811 6.2327323 2 P 0
L 4.3011811 6.2324803 4.3602363 6.2324803 2 P 0
L 4.3405512 4.7871496 4.3405512 4.8186457 2 P 0
L 4.3602363 6.0618661 4.3602363 6.0933622 2 P 0
L 4.3602363 6.1118661 4.3602363 6.1433622 2 P 0
L 4.3602363 6.1618661 4.3602363 6.1933622 2 P 0
L 4.3602363 6.2012362 4.3602363 6.2327323 2 P 0
L 4.3737638 4.6161417 4.4052599 4.6161417 2 P 0
L 4.3737638 4.6751969 4.4052599 4.6751969 2 P 0
L 4.3740158 4.6161417 4.3740158 4.6751969 2 P 0
L 4.3996063 4.7871496 4.3996063 4.8186457 2 P 0
L 4.3996063 4.7874016 4.4586615 4.7874016 2 P 0
L 4.3996063 4.8188976 4.4586615 4.8188976 2 P 0
L 4.4055118 4.6161417 4.4055118 4.6751969 2 P 0
L 4.4131339 4.6161417 4.44463 4.6161417 2 P 0
L 4.4131339 4.6751969 4.44463 4.6751969 2 P 0
L 4.4133859 4.6161417 4.4133859 4.6751969 2 P 0
L 4.4448819 4.6161417 4.4448819 4.6751969 2 P 0
L 4.4527559 4.6161417 4.4527559 4.6751969 2 P 0
L 4.4530078 4.6161417 4.4845039 4.6161417 2 P 0
L 4.4530078 4.6751969 4.4845039 4.6751969 2 P 0
L 4.4586615 4.7871496 4.4586615 4.8186457 2 P 0
L 4.4783464 4.7874016 4.5374016 4.7874016 2 P 0
L 4.4783464 4.7876535 4.4783464 4.8191496 2 P 0
L 4.4783464 4.8188976 4.5374016 4.8188976 2 P 0
L 4.4842519 4.6161417 4.4842519 4.6751969 2 P 0
L 4.4985591 4.6206693 4.4985591 4.6706693 0 P 0
L 4.4985591 4.6206693 4.5565591 4.6206693 0 P 0
L 4.4985591 4.6706693 4.5565591 4.6706693 0 P 0
L 4.5374016 4.7876535 4.5374016 4.8191496 2 P 0
L 4.5565591 4.6206693 4.5565591 4.6706693 0 P 0
L 4.5888648 0.207795 4.5888648 0.961795 0 P 0
L 4.5888648 1.0622422 4.5888648 1.8162422 0 P 0
L 4.6447087 4.8368898 4.6447087 5.8488898 0 P 0
L 5.7185039 2.1537008 5.7185039 2.1851969 2 P 0
L 5.7185039 2.1539528 5.7775591 2.1539528 2 P 0
L 5.7185039 2.1539528 5.7775591 2.1539528 2 P 0
L 5.7185039 2.1542047 5.7185039 2.1857008 2 P 0
L 5.7185039 2.1854488 5.7775591 2.1854488 2 P 0
L 5.7185039 2.1854488 5.7775591 2.1854488 2 P 0
L 5.7185039 2.2029134 5.7185039 2.2344095 2 P 0
L 5.7185039 2.2031654 5.7775591 2.2031654 2 P 0
L 5.7185039 2.2031654 5.7775591 2.2031654 2 P 0
L 5.7185039 2.2034173 5.7185039 2.2349134 2 P 0
L 5.7185039 2.2346614 5.7775591 2.2346614 2 P 0
L 5.7185039 2.2346614 5.7775591 2.2346614 2 P 0
L 5.7185039 2.252126 5.7185039 2.2836221 2 P 0
L 5.7185039 2.252378 5.7775591 2.252378 2 P 0
L 5.7185039 2.252378 5.7775591 2.252378 2 P 0
L 5.7185039 2.2526299 5.7185039 2.284126 2 P 0
L 5.7185039 2.283874 5.7775591 2.283874 2 P 0
L 5.7185039 2.283874 5.7775591 2.283874 2 P 0
L 5.7185039 2.3015906 5.7775591 2.3015906 2 P 0
L 5.7185039 2.3018425 5.7185039 2.3333386 2 P 0
L 5.7185039 2.3330866 5.7775591 2.3330866 2 P 0
L 5.7185039 2.3508032 5.7775591 2.3508032 2 P 0
L 5.7185039 2.3510551 5.7185039 2.3825512 2 P 0
L 5.7185039 2.3822992 5.7775591 2.3822992 2 P 0
L 5.7185039 2.8334095 5.7185039 2.8649056 2 P 0
L 5.7185039 2.8336614 5.7775591 2.8336614 2 P 0
L 5.7185039 2.8336615 5.7775591 2.8336615 2 P 0
L 5.7185039 2.8339133 5.7185039 2.8654094 2 P 0
L 5.7185039 2.8651574 5.7775591 2.8651574 2 P 0
L 5.7185039 2.8651575 5.7775591 2.8651575 2 P 0
L 5.7185039 3.4135433 5.7185039 3.4450394 2 P 0
L 5.7185039 3.4137953 5.7775591 3.4137953 2 P 0
L 5.7185039 3.4137953 5.7775591 3.4137953 2 P 0
L 5.7185039 3.4140472 5.7185039 3.4455433 2 P 0
L 5.7185039 3.4452913 5.7775591 3.4452913 2 P 0
L 5.7185039 3.4452913 5.7775591 3.4452913 2 P 0
L 5.7185039 3.4627559 5.7185039 3.494252 2 P 0
L 5.7185039 3.4630079 5.7775591 3.4630079 2 P 0
L 5.7185039 3.4630079 5.7775591 3.4630079 2 P 0
L 5.7185039 3.4632598 5.7185039 3.4947559 2 P 0
L 5.7185039 3.4945039 5.7775591 3.4945039 2 P 0
L 5.7185039 3.4945039 5.7775591 3.4945039 2 P 0
L 5.7185039 3.5119686 5.7185039 3.5434647 2 P 0
L 5.7185039 3.5122205 5.7775591 3.5122205 2 P 0
L 5.7185039 3.5122206 5.7775591 3.5122206 2 P 0
L 5.7185039 3.5124724 5.7185039 3.5439685 2 P 0
L 5.7185039 3.5437165 5.7775591 3.5437165 2 P 0
L 5.7185039 3.5437166 5.7775591 3.5437166 2 P 0
L 5.7185039 3.5614331 5.7775591 3.5614331 2 P 0
L 5.7185039 3.561685 5.7185039 3.5931811 2 P 0
L 5.7185039 3.5929291 5.7775591 3.5929291 2 P 0
L 5.7185039 3.6106457 5.7775591 3.6106457 2 P 0
L 5.7185039 3.6108976 5.7185039 3.6423937 2 P 0
L 5.7185039 3.6421417 5.7775591 3.6421417 2 P 0
L 5.7185039 4.0828347 5.7185039 4.1143308 2 P 0
L 5.7185039 4.0830866 5.7775591 4.0830866 2 P 0
L 5.7185039 4.0830867 5.7775591 4.0830867 2 P 0
L 5.7185039 4.0833385 5.7185039 4.1148346 2 P 0
L 5.7185039 4.1145826 5.7775591 4.1145826 2 P 0
L 5.7185039 4.1145827 5.7775591 4.1145827 2 P 0
L 5.7185039 4.1320473 5.7185039 4.1635434 2 P 0
L 5.7185039 4.1322992 5.7775591 4.1322992 2 P 0
L 5.7185039 4.1322993 5.7775591 4.1322993 2 P 0
L 5.7185039 4.1325511 5.7185039 4.1640472 2 P 0
L 5.7185039 4.1637952 5.7775591 4.1637952 2 P 0
L 5.7185039 4.1637953 5.7775591 4.1637953 2 P 0
L 5.7185039 4.1812599 5.7185039 4.212756 2 P 0
L 5.7185039 4.1815118 5.7775591 4.1815118 2 P 0
L 5.7185039 4.1815119 5.7775591 4.1815119 2 P 0
L 5.7185039 4.1817637 5.7185039 4.2132598 2 P 0
L 5.7185039 4.2130078 5.7775591 4.2130078 2 P 0
L 5.7185039 4.2130079 5.7775591 4.2130079 2 P 0
L 5.7185039 4.2307244 5.7775591 4.2307244 2 P 0
L 5.7185039 4.2309763 5.7185039 4.2624724 2 P 0
L 5.7185039 4.2622204 5.7775591 4.2622204 2 P 0
L 5.7185039 4.279937 5.7775591 4.279937 2 P 0
L 5.7185039 4.2801889 5.7185039 4.311685 2 P 0
L 5.7185039 4.311433 5.7775591 4.311433 2 P 0
L 5.7775591 2.1537008 5.7775591 2.1851969 2 P 0
L 5.7775591 2.1542047 5.7775591 2.1857008 2 P 0
L 5.7775591 2.2029134 5.7775591 2.2344095 2 P 0
L 5.7775591 2.2034173 5.7775591 2.2349134 2 P 0
L 5.7775591 2.252126 5.7775591 2.2836221 2 P 0
L 5.7775591 2.2526299 5.7775591 2.284126 2 P 0
L 5.7775591 2.3018425 5.7775591 2.3333386 2 P 0
L 5.7775591 2.3510551 5.7775591 2.3825512 2 P 0
L 5.7775591 2.8334095 5.7775591 2.8649056 2 P 0
L 5.7775591 2.8339133 5.7775591 2.8654094 2 P 0
L 5.7775591 3.4135433 5.7775591 3.4450394 2 P 0
L 5.7775591 3.4140472 5.7775591 3.4455433 2 P 0
L 5.7775591 3.4627559 5.7775591 3.494252 2 P 0
L 5.7775591 3.4632598 5.7775591 3.4947559 2 P 0
L 5.7775591 3.5119686 5.7775591 3.5434647 2 P 0
L 5.7775591 3.5124724 5.7775591 3.5439685 2 P 0
L 5.7775591 3.561685 5.7775591 3.5931811 2 P 0
L 5.7775591 3.6108976 5.7775591 3.6423937 2 P 0
L 5.7775591 4.0828347 5.7775591 4.1143308 2 P 0
L 5.7775591 4.0833385 5.7775591 4.1148346 2 P 0
L 5.7775591 4.1320473 5.7775591 4.1635434 2 P 0
L 5.7775591 4.1325511 5.7775591 4.1640472 2 P 0
L 5.7775591 4.1812599 5.7775591 4.212756 2 P 0
L 5.7775591 4.1817637 5.7775591 4.2132598 2 P 0
L 5.7775591 4.2309763 5.7775591 4.2624724 2 P 0
L 5.7775591 4.2801889 5.7775591 4.311685 2 P 0
L 5.8413227 1.9740945 5.8413227 2.5130945 0 P 0
L 5.8413227 1.9740945 6.0813227 1.9740945 0 P 0
L 5.8413227 2.5130945 6.0813227 2.5130945 0 P 0
L 5.8413227 2.6555118 5.8413227 3.0932283 0 P 0
L 5.8413227 2.6555118 6.0813227 2.6555118 0 P 0
L 5.8413227 3.0932283 6.0813227 3.0932283 0 P 0
L 5.8413227 3.233937 5.8413227 3.772937 0 P 0
L 5.8413227 3.233937 6.0813227 3.233937 0 P 0
L 5.8413227 3.772937 6.0813227 3.772937 0 P 0
L 5.8413227 3.9032283 5.8413227 4.4422283 0 P 0
L 5.8413227 3.9032283 6.0813227 3.9032283 0 P 0
L 5.8413227 4.4422283 6.0813227 4.4422283 0 P 0
L 6.0813227 1.9740945 6.0813227 2.5130945 0 P 0
L 6.0813227 2.6555118 6.0813227 3.0932283 0 P 0
L 6.0813227 3.233937 6.0813227 3.772937 0 P 0
L 6.0813227 3.9032283 6.0813227 4.4422283 0 P 0
