#Layer_Color=32768
#
#Feature symbol names
#
$0 r1.9685

#
#Feature attribute names
#

#
#Layer features
#
L 0.2539212 3.0118661 0.2539212 3.1288661 0 P 0
L 0.2539212 3.0118661 0.3759212 3.0118661 0 P 0
L 0.2539212 3.1288661 0.3759212 3.1288661 0 P 0
L 0.2539606 3.2874567 0.2539606 3.4044567 0 P 0
L 0.2539606 3.2874567 0.3759606 3.2874567 0 P 0
L 0.2539606 3.4044567 0.3759606 3.4044567 0 P 0
L 0.3759212 3.0118661 0.3759212 3.1288661 0 P 0
L 0.3759606 3.2874567 0.3759606 3.4044567 0 P 0
L 0.416252 3.3174724 0.416252 3.3765276 0 P 0
L 0.416252 3.3174724 0.447748 3.3174724 0 P 0
L 0.416252 3.3765276 0.447748 3.3765276 0 P 0
L 0.417323 3.0413385 0.417323 3.1003937 0 P 0
L 0.417323 3.0413385 0.448819 3.0413385 0 P 0
L 0.417323 3.1003937 0.448819 3.1003937 0 P 0
L 0.447748 3.3174724 0.447748 3.3765276 0 P 0
L 0.448819 3.0413385 0.448819 3.1003937 0 P 0
L 1.5329134 0.8639764 1.5329134 1.1649764 0 P 0
L 1.5329134 0.8639764 1.7359134 0.8639764 0 P 0
L 1.5329134 1.1649764 1.7359134 1.1649764 0 P 0
L 1.7359134 0.8639764 1.7359134 1.1649764 0 P 0
L 1.7713543 3.1062362 1.7713543 4.2542362 0 P 0
L 1.7713543 3.1062362 2.5623543 3.1062362 0 P 0
L 1.7713543 4.2542362 2.5623543 4.2542362 0 P 0
L 1.7755906 0.9844488 1.7755906 1.043504 0 P 0
L 1.7755906 0.9844488 1.8070866 0.9844488 0 P 0
L 1.7755906 1.043504 1.8070866 1.043504 0 P 0
L 1.8070866 0.9844488 1.8070866 1.043504 0 P 0
L 1.8149607 0.9844488 1.8149607 1.043504 0 P 0
L 1.8149607 0.9844488 1.8464567 0.9844488 0 P 0
L 1.8149607 1.043504 1.8464567 1.043504 0 P 0
L 1.8198648 0.207795 1.8198648 0.961795 0 P 0
L 1.8198648 0.207795 4.5888648 0.207795 0 P 0
L 1.8198648 0.961795 4.5888648 0.961795 0 P 0
L 1.8198648 1.0622422 1.8198648 1.8162422 0 P 0
L 1.8198648 1.0622422 4.5888648 1.0622422 0 P 0
L 1.8198648 1.8162422 4.5888648 1.8162422 0 P 0
L 1.8464567 0.9844488 1.8464567 1.043504 0 P 0
L 2.5623543 3.1062362 2.5623543 4.2542362 0 P 0
L 4.5888648 0.207795 4.5888648 0.961795 0 P 0
L 4.5888648 1.0622422 4.5888648 1.8162422 0 P 0
L 5.7185039 2.1539528 5.7185039 2.1854488 0 P 0
L 5.7185039 2.1539528 5.7775591 2.1539528 0 P 0
L 5.7185039 2.1854488 5.7775591 2.1854488 0 P 0
L 5.7185039 2.2031654 5.7185039 2.2346614 0 P 0
L 5.7185039 2.2031654 5.7775591 2.2031654 0 P 0
L 5.7185039 2.2346614 5.7775591 2.2346614 0 P 0
L 5.7185039 2.252378 5.7185039 2.283874 0 P 0
L 5.7185039 2.252378 5.7775591 2.252378 0 P 0
L 5.7185039 2.283874 5.7775591 2.283874 0 P 0
L 5.7185039 2.3015906 5.7185039 2.3330866 0 P 0
L 5.7185039 2.3015906 5.7775591 2.3015906 0 P 0
L 5.7185039 2.3330866 5.7775591 2.3330866 0 P 0
L 5.7185039 2.3508032 5.7185039 2.3822992 0 P 0
L 5.7185039 2.3508032 5.7775591 2.3508032 0 P 0
L 5.7185039 2.3822992 5.7775591 2.3822992 0 P 0
L 5.7185039 2.8336614 5.7185039 2.8651574 0 P 0
L 5.7185039 2.8336614 5.7775591 2.8336614 0 P 0
L 5.7185039 2.8651574 5.7775591 2.8651574 0 P 0
L 5.7185039 3.4137953 5.7185039 3.4452913 0 P 0
L 5.7185039 3.4137953 5.7775591 3.4137953 0 P 0
L 5.7185039 3.4452913 5.7775591 3.4452913 0 P 0
L 5.7185039 3.4630079 5.7185039 3.4945039 0 P 0
L 5.7185039 3.4630079 5.7775591 3.4630079 0 P 0
L 5.7185039 3.4945039 5.7775591 3.4945039 0 P 0
L 5.7185039 3.5122205 5.7185039 3.5437165 0 P 0
L 5.7185039 3.5122205 5.7775591 3.5122205 0 P 0
L 5.7185039 3.5437165 5.7775591 3.5437165 0 P 0
L 5.7185039 3.5614331 5.7185039 3.5929291 0 P 0
L 5.7185039 3.5614331 5.7775591 3.5614331 0 P 0
L 5.7185039 3.5929291 5.7775591 3.5929291 0 P 0
L 5.7185039 3.6106457 5.7185039 3.6421417 0 P 0
L 5.7185039 3.6106457 5.7775591 3.6106457 0 P 0
L 5.7185039 3.6421417 5.7775591 3.6421417 0 P 0
L 5.7185039 4.0830866 5.7185039 4.1145826 0 P 0
L 5.7185039 4.0830866 5.7775591 4.0830866 0 P 0
L 5.7185039 4.1145826 5.7775591 4.1145826 0 P 0
L 5.7185039 4.1322992 5.7185039 4.1637952 0 P 0
L 5.7185039 4.1322992 5.7775591 4.1322992 0 P 0
L 5.7185039 4.1637952 5.7775591 4.1637952 0 P 0
L 5.7185039 4.1815118 5.7185039 4.2130078 0 P 0
L 5.7185039 4.1815118 5.7775591 4.1815118 0 P 0
L 5.7185039 4.2130078 5.7775591 4.2130078 0 P 0
L 5.7185039 4.2307244 5.7185039 4.2622204 0 P 0
L 5.7185039 4.2307244 5.7775591 4.2307244 0 P 0
L 5.7185039 4.2622204 5.7775591 4.2622204 0 P 0
L 5.7185039 4.279937 5.7185039 4.311433 0 P 0
L 5.7185039 4.279937 5.7775591 4.279937 0 P 0
L 5.7185039 4.311433 5.7775591 4.311433 0 P 0
L 5.7775591 2.1539528 5.7775591 2.1854488 0 P 0
L 5.7775591 2.2031654 5.7775591 2.2346614 0 P 0
L 5.7775591 2.252378 5.7775591 2.283874 0 P 0
L 5.7775591 2.3015906 5.7775591 2.3330866 0 P 0
L 5.7775591 2.3508032 5.7775591 2.3822992 0 P 0
L 5.7775591 2.8336614 5.7775591 2.8651574 0 P 0
L 5.7775591 3.4137953 5.7775591 3.4452913 0 P 0
L 5.7775591 3.4630079 5.7775591 3.4945039 0 P 0
L 5.7775591 3.5122205 5.7775591 3.5437165 0 P 0
L 5.7775591 3.5614331 5.7775591 3.5929291 0 P 0
L 5.7775591 3.6106457 5.7775591 3.6421417 0 P 0
L 5.7775591 4.0830866 5.7775591 4.1145826 0 P 0
L 5.7775591 4.1322992 5.7775591 4.1637952 0 P 0
L 5.7775591 4.1815118 5.7775591 4.2130078 0 P 0
L 5.7775591 4.2307244 5.7775591 4.2622204 0 P 0
L 5.7775591 4.279937 5.7775591 4.311433 0 P 0
L 5.8743227 2.6751968 5.8743227 3.0732283 0 P 0
L 5.8743227 2.6751968 6.0773227 2.6751968 0 P 0
L 5.8743227 3.0732283 6.0773227 3.0732283 0 P 0
L 5.8747558 1.9760945 5.8747558 2.5100945 0 P 0
L 5.8747558 1.9760945 6.0777558 1.9760945 0 P 0
L 5.8747558 2.5100945 6.0777558 2.5100945 0 P 0
L 5.8747558 3.235937 5.8747558 3.769937 0 P 0
L 5.8747558 3.235937 6.0777558 3.235937 0 P 0
L 5.8747558 3.769937 6.0777558 3.769937 0 P 0
L 5.8747558 3.9052283 5.8747558 4.4392283 0 P 0
L 5.8747558 3.9052283 6.0777558 3.9052283 0 P 0
L 5.8747558 4.4392283 6.0777558 4.4392283 0 P 0
L 6.0773227 2.6751968 6.0773227 3.0732283 0 P 0
L 6.0777558 1.9760945 6.0777558 2.5100945 0 P 0
L 6.0777558 3.235937 6.0777558 3.769937 0 P 0
L 6.0777558 3.9052283 6.0777558 4.4392283 0 P 0
