#Layer_Color=16711935
#
#Feature symbol names
#
$0 r1.9685

#
#Feature attribute names
#

#
#Layer features
#
L 0.2539212 2.9768661 0.2539212 3.1648661 0 P 0
L 0.2539212 2.9768661 0.4109212 2.9768661 0 P 0
L 0.2539212 3.1648661 0.4109212 3.1648661 0 P 0
L 0.2539606 3.2524567 0.2539606 3.4404567 0 P 0
L 0.2539606 3.2524567 0.4109606 3.2524567 0 P 0
L 0.2539606 3.4404567 0.4109606 3.4404567 0 P 0
L 0.3031102 3.0708661 0.3267322 3.0708661 0 P 0
L 0.3031496 3.3464567 0.3267716 3.3464567 0 P 0
L 0.3149212 3.0590551 0.3149212 3.0826771 0 P 0
L 0.3149606 3.3346457 0.3149606 3.3582677 0 P 0
L 0.4109212 2.9768661 0.4109212 3.1648661 0 P 0
L 0.4109606 3.2524567 0.4109606 3.4404567 0 P 0
L 0.4162519 3.3174724 0.4162519 3.3765276 0 P 0
L 0.4162519 3.3174724 0.447748 3.3174724 0 P 0
L 0.4162519 3.3765276 0.447748 3.3765276 0 P 0
L 0.4173229 3.0413385 0.4173229 3.1003937 0 P 0
L 0.4173229 3.0413385 0.448819 3.0413385 0 P 0
L 0.4173229 3.1003937 0.448819 3.1003937 0 P 0
L 0.420189 3.347 0.443811 3.347 0 P 0
L 0.42126 3.0708661 0.444882 3.0708661 0 P 0
L 0.432 3.335189 0.432 3.358811 0 P 0
L 0.433071 3.0590551 0.433071 3.0826771 0 P 0
L 0.447748 3.3174724 0.447748 3.3765276 0 P 0
L 0.448819 3.0413385 0.448819 3.1003937 0 P 0
L 1.5289134 0.8439764 1.5289134 1.1839764 0 P 0
L 1.5289134 0.8439764 1.7689134 0.8439764 0 P 0
L 1.5289134 1.1839764 1.7689134 1.1839764 0 P 0
L 1.6811024 1.0139764 1.7047244 1.0139764 0 P 0
L 1.6929134 1.0021654 1.6929134 1.0257874 0 P 0
L 1.7689134 0.8439764 1.7689134 1.1839764 0 P 0
L 1.7713543 3.1062362 1.7713543 4.2542362 0 P 0
L 1.7713543 3.1062362 2.5623543 3.1062362 0 P 0
L 1.7713543 4.2542362 2.5623543 4.2542362 0 P 0
L 1.7755906 0.9844488 1.7755906 1.043504 0 P 0
L 1.7755906 0.9844488 1.8070867 0.9844488 0 P 0
L 1.7755906 1.043504 1.8070867 1.043504 0 P 0
L 1.7795276 1.0139764 1.8031496 1.0139764 0 P 0
L 1.7913386 1.0021654 1.7913386 1.0257874 0 P 0
L 1.8070867 0.9844488 1.8070867 1.043504 0 P 0
L 1.8149607 0.9844488 1.8149607 1.043504 0 P 0
L 1.8149607 0.9844488 1.8464568 0.9844488 0 P 0
L 1.8149607 1.043504 1.8464568 1.043504 0 P 0
L 1.8188977 1.0139764 1.8425197 1.0139764 0 P 0
L 1.8198648 0.207795 1.8198648 0.961795 0 P 0
L 1.8198648 0.207795 4.5888648 0.207795 0 P 0
L 1.8198648 0.961795 4.5888648 0.961795 0 P 0
L 1.8198648 1.0622422 1.8198648 1.8162422 0 P 0
L 1.8198648 1.0622422 4.5888648 1.0622422 0 P 0
L 1.8198648 1.8162422 4.5888648 1.8162422 0 P 0
L 1.8307087 1.0021654 1.8307087 1.0257874 0 P 0
L 1.8464568 0.9844488 1.8464568 1.043504 0 P 0
L 2.5623543 3.1062362 2.5623543 4.2542362 0 P 0
L 3.1900538 0.584795 3.2136758 0.584795 0 P 0
L 3.1900538 1.4392422 3.2136758 1.4392422 0 P 0
L 3.2018648 0.572984 3.2018648 0.596606 0 P 0
L 3.2018648 1.4274312 3.2018648 1.4510532 0 P 0
L 4.5888648 0.207795 4.5888648 0.961795 0 P 0
L 4.5888648 1.0622422 4.5888648 1.8162422 0 P 0
L 5.7185039 2.1539528 5.7185039 2.1854489 0 P 0
L 5.7185039 2.1539528 5.7775591 2.1539528 0 P 0
L 5.7185039 2.1854489 5.7775591 2.1854489 0 P 0
L 5.7185039 2.2031654 5.7185039 2.2346615 0 P 0
L 5.7185039 2.2031654 5.7775591 2.2031654 0 P 0
L 5.7185039 2.2346615 5.7775591 2.2346615 0 P 0
L 5.7185039 2.252378 5.7185039 2.2838741 0 P 0
L 5.7185039 2.252378 5.7775591 2.252378 0 P 0
L 5.7185039 2.2838741 5.7775591 2.2838741 0 P 0
L 5.7185039 2.3015906 5.7185039 2.3330867 0 P 0
L 5.7185039 2.3015906 5.7775591 2.3015906 0 P 0
L 5.7185039 2.3330867 5.7775591 2.3330867 0 P 0
L 5.7185039 2.3508032 5.7185039 2.3822993 0 P 0
L 5.7185039 2.3508032 5.7775591 2.3508032 0 P 0
L 5.7185039 2.3822993 5.7775591 2.3822993 0 P 0
L 5.7185039 2.8336614 5.7185039 2.8651575 0 P 0
L 5.7185039 2.8336614 5.7775591 2.8336614 0 P 0
L 5.7185039 2.8651575 5.7775591 2.8651575 0 P 0
L 5.7185039 3.4137953 5.7185039 3.4452914 0 P 0
L 5.7185039 3.4137953 5.7775591 3.4137953 0 P 0
L 5.7185039 3.4452914 5.7775591 3.4452914 0 P 0
L 5.7185039 3.4630079 5.7185039 3.494504 0 P 0
L 5.7185039 3.4630079 5.7775591 3.4630079 0 P 0
L 5.7185039 3.494504 5.7775591 3.494504 0 P 0
L 5.7185039 3.5122205 5.7185039 3.5437166 0 P 0
L 5.7185039 3.5122205 5.7775591 3.5122205 0 P 0
L 5.7185039 3.5437166 5.7775591 3.5437166 0 P 0
L 5.7185039 3.5614331 5.7185039 3.5929292 0 P 0
L 5.7185039 3.5614331 5.7775591 3.5614331 0 P 0
L 5.7185039 3.5929292 5.7775591 3.5929292 0 P 0
L 5.7185039 3.6106457 5.7185039 3.6421418 0 P 0
L 5.7185039 3.6106457 5.7775591 3.6106457 0 P 0
L 5.7185039 3.6421418 5.7775591 3.6421418 0 P 0
L 5.7185039 4.0830866 5.7185039 4.1145827 0 P 0
L 5.7185039 4.0830866 5.7775591 4.0830866 0 P 0
L 5.7185039 4.1145827 5.7775591 4.1145827 0 P 0
L 5.7185039 4.1322992 5.7185039 4.1637953 0 P 0
L 5.7185039 4.1322992 5.7775591 4.1322992 0 P 0
L 5.7185039 4.1637953 5.7775591 4.1637953 0 P 0
L 5.7185039 4.1815118 5.7185039 4.2130079 0 P 0
L 5.7185039 4.1815118 5.7775591 4.1815118 0 P 0
L 5.7185039 4.2130079 5.7775591 4.2130079 0 P 0
L 5.7185039 4.2307244 5.7185039 4.2622205 0 P 0
L 5.7185039 4.2307244 5.7775591 4.2307244 0 P 0
L 5.7185039 4.2622205 5.7775591 4.2622205 0 P 0
L 5.7185039 4.279937 5.7185039 4.3114331 0 P 0
L 5.7185039 4.279937 5.7775591 4.279937 0 P 0
L 5.7185039 4.3114331 5.7775591 4.3114331 0 P 0
L 5.7362205 2.1697008 5.7598425 2.1697008 0 P 0
L 5.7362205 2.2189134 5.7598425 2.2189134 0 P 0
L 5.7362205 2.268126 5.7598425 2.268126 0 P 0
L 5.7362205 2.3173386 5.7598425 2.3173386 0 P 0
L 5.7362205 2.3665512 5.7598425 2.3665512 0 P 0
L 5.7362205 2.8494094 5.7598425 2.8494094 0 P 0
L 5.7362205 3.4295433 5.7598425 3.4295433 0 P 0
L 5.7362205 3.4787559 5.7598425 3.4787559 0 P 0
L 5.7362205 3.5279685 5.7598425 3.5279685 0 P 0
L 5.7362205 3.5771811 5.7598425 3.5771811 0 P 0
L 5.7362205 3.6263937 5.7598425 3.6263937 0 P 0
L 5.7362205 4.0988346 5.7598425 4.0988346 0 P 0
L 5.7362205 4.1480472 5.7598425 4.1480472 0 P 0
L 5.7362205 4.1972598 5.7598425 4.1972598 0 P 0
L 5.7362205 4.2464724 5.7598425 4.2464724 0 P 0
L 5.7362205 4.295685 5.7598425 4.295685 0 P 0
L 5.7480315 2.1578898 5.7480315 2.1815118 0 P 0
L 5.7480315 2.2071024 5.7480315 2.2307244 0 P 0
L 5.7480315 2.256315 5.7480315 2.279937 0 P 0
L 5.7480315 2.3055276 5.7480315 2.3291496 0 P 0
L 5.7480315 2.3547402 5.7480315 2.3783622 0 P 0
L 5.7480315 2.8375984 5.7480315 2.8612204 0 P 0
L 5.7480315 3.4177323 5.7480315 3.4413543 0 P 0
L 5.7480315 3.4669449 5.7480315 3.4905669 0 P 0
L 5.7480315 3.5161575 5.7480315 3.5397795 0 P 0
L 5.7480315 3.5653701 5.7480315 3.5889921 0 P 0
L 5.7480315 3.6145827 5.7480315 3.6382047 0 P 0
L 5.7480315 4.0870236 5.7480315 4.1106456 0 P 0
L 5.7480315 4.1362362 5.7480315 4.1598582 0 P 0
L 5.7480315 4.1854488 5.7480315 4.2090708 0 P 0
L 5.7480315 4.2346614 5.7480315 4.2582834 0 P 0
L 5.7480315 4.283874 5.7480315 4.307496 0 P 0
L 5.7775591 2.1539528 5.7775591 2.1854489 0 P 0
L 5.7775591 2.2031654 5.7775591 2.2346615 0 P 0
L 5.7775591 2.252378 5.7775591 2.2838741 0 P 0
L 5.7775591 2.3015906 5.7775591 2.3330867 0 P 0
L 5.7775591 2.3508032 5.7775591 2.3822993 0 P 0
L 5.7775591 2.8336614 5.7775591 2.8651575 0 P 0
L 5.7775591 3.4137953 5.7775591 3.4452914 0 P 0
L 5.7775591 3.4630079 5.7775591 3.494504 0 P 0
L 5.7775591 3.5122205 5.7775591 3.5437166 0 P 0
L 5.7775591 3.5614331 5.7775591 3.5929292 0 P 0
L 5.7775591 3.6106457 5.7775591 3.6421418 0 P 0
L 5.7775591 4.0830866 5.7775591 4.1145827 0 P 0
L 5.7775591 4.1322992 5.7775591 4.1637953 0 P 0
L 5.7775591 4.1815118 5.7775591 4.2130079 0 P 0
L 5.7775591 4.2307244 5.7775591 4.2622205 0 P 0
L 5.7775591 4.279937 5.7775591 4.3114331 0 P 0
L 5.8413227 1.9760945 5.8413227 2.5100945 0 P 0
L 5.8413227 1.9760945 6.0813227 1.9760945 0 P 0
L 5.8413227 2.5100945 6.0813227 2.5100945 0 P 0
L 5.8413227 2.6555118 5.8413227 3.0932283 0 P 0
L 5.8413227 2.6555118 6.0813227 2.6555118 0 P 0
L 5.8413227 3.0932283 6.0813227 3.0932283 0 P 0
L 5.8413227 3.235937 5.8413227 3.769937 0 P 0
L 5.8413227 3.235937 6.0813227 3.235937 0 P 0
L 5.8413227 3.769937 6.0813227 3.769937 0 P 0
L 5.8413227 3.9052283 5.8413227 4.4392283 0 P 0
L 5.8413227 3.9052283 6.0813227 3.9052283 0 P 0
L 5.8413227 4.4392283 6.0813227 4.4392283 0 P 0
L 5.9055117 2.9232283 5.9291337 2.9232283 0 P 0
L 5.9173227 2.9114173 5.9173227 2.9350393 0 P 0
L 5.972441 2.2440945 5.996063 2.2440945 0 P 0
L 5.972441 3.503937 5.996063 3.503937 0 P 0
L 5.972441 4.1732283 5.996063 4.1732283 0 P 0
L 5.984252 2.2322835 5.984252 2.2559055 0 P 0
L 5.984252 3.492126 5.984252 3.515748 0 P 0
L 5.984252 4.1614173 5.984252 4.1850393 0 P 0
L 6.0813227 1.9760945 6.0813227 2.5100945 0 P 0
L 6.0813227 2.6555118 6.0813227 3.0932283 0 P 0
L 6.0813227 3.235937 6.0813227 3.769937 0 P 0
L 6.0813227 3.9052283 6.0813227 4.4392283 0 P 0
