#Layer_Color=9474304
#
#Feature symbol names
#
$0 r5
$1 r6.6666

#
#Feature attribute names
#

#
#Layer features
#
A -0.0046063 2.5590551 -0.0046063 2.5590551 -0.0246063 2.5590551 1 P 0 N
A -0.0114961 0.0590551 -0.0114961 0.0590551 -0.0314961 0.0590551 1 P 0 N
A -0.0927164 1.3525592 -0.0927164 1.3525592 -0.1127164 1.3525592 1 P 0 N
A -0.0927164 1.74626 -0.0927164 1.74626 -0.1127164 1.74626 1 P 0 N
A -0.0927164 2.1399608 -0.0927164 2.1399608 -0.1127164 2.1399608 1 P 0 N
A -0.0927164 2.5336616 -0.0927164 2.5336616 -0.1127164 2.5336616 1 P 0 N
A -0.1911416 1.1557088 -0.1911416 1.1557088 -0.2111416 1.1557088 1 P 0 N
A -0.1911416 1.5494096 -0.1911416 1.5494096 -0.2111416 1.5494096 1 P 0 N
A -0.1911416 1.9431104 -0.1911416 1.9431104 -0.2111416 1.9431104 1 P 0 N
A -0.1911416 2.3368112 -0.1911416 2.3368112 -0.2111416 2.3368112 1 P 0 N
A -0.2895668 1.3525592 -0.2895668 1.3525592 -0.3095668 1.3525592 1 P 0 N
A -0.2895668 1.74626 -0.2895668 1.74626 -0.3095668 1.74626 1 P 0 N
A -0.2895668 2.1399608 -0.2895668 2.1399608 -0.3095668 2.1399608 1 P 0 N
A -0.387992 1.5494096 -0.387992 1.5494096 -0.407992 1.5494096 1 P 0 N
A -0.387992 1.9431104 -0.387992 1.9431104 -0.407992 1.9431104 1 P 0 N
A -0.387992 2.3368112 -0.387992 2.3368112 -0.407992 2.3368112 1 P 0 N
A 0.02 -0.0295276 0.02 -0.0295276 0 -0.0295276 1 P 0 N
A 0.02 0.0590551 0.02 0.0590551 0 0.0590551 1 P 0 N
A 0.040433 0.1259842 0.040433 0.1259842 0.020433 0.1259842 1 P 0 N
A 0.0446063 2.5590551 0.0446063 2.5590551 0.0246063 2.5590551 1 P 0 N
A 0.0514961 0.0590551 0.0514961 0.0590551 0.0314961 0.0590551 1 P 0 N
A 0.0938189 2.5590551 0.0938189 2.5590551 0.0738189 2.5590551 1 P 0 N
A 0.104134 1.3525592 0.104134 1.3525592 0.084134 1.3525592 1 P 0 N
A 0.104134 1.74626 0.104134 1.74626 0.084134 1.74626 1 P 0 N
A 0.104134 2.1399608 0.104134 2.1399608 0.084134 2.1399608 1 P 0 N
A 0.2025592 1.1557088 0.2025592 1.1557088 0.1825592 1.1557088 1 P 0 N
A 0.2025592 1.5494096 0.2025592 1.5494096 0.1825592 1.5494096 1 P 0 N
A 0.2025592 1.9431104 0.2025592 1.9431104 0.1825592 1.9431104 1 P 0 N
A 0.2025592 2.3368112 0.2025592 2.3368112 0.1825592 2.3368112 1 P 0 N
A 0.3009844 1.3525592 0.3009844 1.3525592 0.2809844 1.3525592 1 P 0 N
A 0.3009844 1.74626 0.3009844 1.74626 0.2809844 1.74626 1 P 0 N
A 0.3009844 2.1399608 0.3009844 2.1399608 0.2809844 2.1399608 1 P 0 N
A 0.3994096 1.5494096 0.3994096 1.5494096 0.3794096 1.5494096 1 P 0 N
A 0.3994096 1.9431104 0.3994096 1.9431104 0.3794096 1.9431104 1 P 0 N
A 0.3994096 2.3368112 0.3994096 2.3368112 0.3794096 2.3368112 1 P 0 N
L -0.3540157 1.2004724 -0.3540157 1.2404724 0 P 0
L -0.3540157 2.5390551 -0.3540157 2.5790551 0 P 0
L -0.3940157 1.2004724 -0.3540157 1.2004724 0 P 0
L -0.3940157 1.2004724 -0.3940157 1.2404724 0 P 0
L -0.3940157 1.2404724 -0.3540157 1.2404724 0 P 0
L -0.3940157 2.5390551 -0.3540157 2.5390551 0 P 0
L -0.3940157 2.5390551 -0.3940157 2.5790551 0 P 0
L -0.3940157 2.5790551 -0.3540157 2.5790551 0 P 0
L 0.3540157 1.2004724 0.3540157 1.2404724 0 P 0
L 0.3540157 1.2004724 0.3940157 1.2004724 0 P 0
L 0.3540157 1.2404724 0.3940157 1.2404724 0 P 0
L 0.3540158 2.5390551 0.3540158 2.5790551 0 P 0
L 0.3540158 2.5390551 0.3940158 2.5390551 0 P 0
L 0.3540158 2.5790551 0.3940158 2.5790551 0 P 0
L 0.3940157 1.2004724 0.3940157 1.2404724 0 P 0
L 0.3940158 2.5390551 0.3940158 2.5790551 0 P 0
