#Layer_Color=16711935
#
#Feature symbol names
#
$0 r3.937
$1 r7.874

#
#Feature attribute names
#

#
#Layer features
#
L 0.2538976 3.019685 0.2538976 3.1220472 0 P 0
L 0.2538976 3.019685 0.3759448 3.019685 0 P 0
L 0.2538976 3.1220472 0.3759448 3.1220472 0 P 0
L 0.253937 3.2952756 0.253937 3.3976378 0 P 0
L 0.253937 3.2952756 0.3759842 3.2952756 0 P 0
L 0.253937 3.3976378 0.3759842 3.3976378 0 P 0
L 0.3759448 3.019685 0.3759448 3.1220472 0 P 0
L 0.3759842 3.2952756 0.3759842 3.3976378 0 P 0
L 0.5091811 3.012 0.5091811 3.124 0 P 0
L 0.5091811 3.012 0.5931811 3.012 0 P 0
L 0.5091811 3.124 0.5931811 3.124 0 P 0
L 0.5091811 3.2904567 0.5091811 3.4024567 0 P 0
L 0.5091811 3.2904567 0.5931811 3.2904567 0 P 0
L 0.5091811 3.4024567 0.5931811 3.4024567 0 P 0
L 0.5931811 3.012 0.5931811 3.124 0 P 0
L 0.5931811 3.2904567 0.5931811 3.4024567 0 P 0
L 0.67 3.129 0.67 3.291 0 P 0
L 0.67 3.129 0.856 3.129 0 P 0
L 0.67 3.291 0.856 3.291 0 P 0
L 0.856 3.129 0.856 3.291 0 P 0
L 1.5375591 0.8633764 1.5375591 1.1639684 1 P 0
L 1.5375591 0.8633764 1.7359134 0.8633764 1 P 0
L 1.5375591 0.8639764 1.5375591 1.1645684 1 P 0
L 1.5375591 0.8639764 1.7359134 0.8639764 1 P 0
L 1.5375591 1.1639684 1.7359134 1.1639684 1 P 0
L 1.5375591 1.1645684 1.7359134 1.1645684 1 P 0
L 1.7359134 0.8633764 1.7359134 1.1639684 1 P 0
L 1.7359134 0.8639764 1.7359134 1.1645684 1 P 0
L 1.7703543 3.1062362 1.7703543 4.2522362 1 P 0
L 1.7703543 3.1062362 2.5613543 3.1062362 1 P 0
L 1.7703543 4.2522362 2.5613543 4.2522362 1 P 0
L 1.8198648 0.206795 1.8198648 0.961795 1 P 0
L 1.8198648 0.206795 4.5888648 0.206795 1 P 0
L 1.8198648 0.961795 4.5888648 0.961795 1 P 0
L 1.8198648 1.0612422 1.8198648 1.8162422 1 P 0
L 1.8198648 1.0612422 4.5888648 1.0612422 1 P 0
L 1.8198648 1.8162422 4.5888648 1.8162422 1 P 0
L 1.8239133 3.0474567 1.8239133 3.6454567 1 P 0
L 1.8239133 3.0474567 2.3949133 3.0474567 1 P 0
L 1.8239133 3.6454567 2.3949133 3.6454567 1 P 0
L 1.8307087 3.9350394 1.8307087 3.9783464 0 P 0
L 1.8307087 3.9350394 1.8700787 3.9350394 0 P 0
L 1.8307087 3.9783464 1.8700787 3.9783464 0 P 0
L 1.8700787 3.9350394 1.8700787 3.9783464 0 P 0
L 1.8976378 5.7696851 1.8976378 5.8838583 0 P 0
L 1.8976378 5.7696851 1.96063 5.7696851 0 P 0
L 1.8976378 5.8464567 1.9350394 5.8838583 0 P 0
L 1.8976378 5.8838583 1.96063 5.8838583 0 P 0
L 1.9065007 3.9688819 1.9065007 4.1708819 0 P 0
L 1.9065007 3.9688819 2.0305007 3.9688819 0 P 0
L 1.9065007 4.1708819 2.0305007 4.1708819 0 P 0
L 1.9295039 3.7676772 1.9295039 3.8966772 1 P 0
L 1.9295039 3.7676772 2.0095039 3.7676772 1 P 0
L 1.9295039 3.8966772 2.0095039 3.8966772 1 P 0
L 1.9370078 2.3838583 1.9370078 2.4980315 0 P 0
L 1.9370078 2.3838583 2 2.3838583 0 P 0
L 1.9370078 2.4606299 1.9744094 2.4980315 0 P 0
L 1.9370078 2.4980315 2 2.4980315 0 P 0
L 1.9370078 2.5413386 1.9370078 2.6555118 0 P 0
L 1.9370078 2.5413386 2 2.5413386 0 P 0
L 1.9370078 2.6181102 1.9744094 2.6555118 0 P 0
L 1.9370078 2.6555118 2 2.6555118 0 P 0
L 1.9468504 4.96063 1.9468504 5 0 P 0
L 1.9468504 4.96063 1.9901574 4.96063 0 P 0
L 1.9468504 5 1.9901574 5 0 P 0
L 1.9468504 5.2362205 1.9468504 5.2755905 0 P 0
L 1.9468504 5.2362205 1.9901574 5.2362205 0 P 0
L 1.9468504 5.2755905 1.9901574 5.2755905 0 P 0
L 1.9468504 5.5118111 1.9468504 5.5511811 0 P 0
L 1.9468504 5.5118111 1.9901574 5.5118111 0 P 0
L 1.9468504 5.5511811 1.9901574 5.5511811 0 P 0
L 1.96063 5.7696851 1.96063 5.8838583 0 P 0
L 1.9862205 2.0866142 1.9862205 2.1259842 0 P 0
L 1.9862205 2.0866142 2.0295275 2.0866142 0 P 0
L 1.9862205 2.1259842 2.0295275 2.1259842 0 P 0
L 1.9901574 4.96063 1.9901574 5 0 P 0
L 1.9901574 5.2362205 1.9901574 5.2755905 0 P 0
L 1.9901574 5.5118111 1.9901574 5.5511811 0 P 0
L 2 2.3838583 2 2.4980315 0 P 0
L 2 2.5413386 2 2.6555118 0 P 0
L 2.0095039 3.7676772 2.0095039 3.8966772 1 P 0
L 2.0295275 2.0866142 2.0295275 2.1259842 0 P 0
L 2.0305007 3.9688819 2.0305007 4.1708819 0 P 0
L 2.2872047 2.397685 2.2872047 2.642685 0 P 0
L 2.2872047 2.397685 2.4372047 2.397685 0 P 0
L 2.2872047 2.642685 2.4372047 2.642685 0 P 0
L 2.2872047 3.7756378 2.2872047 4.0206378 0 P 0
L 2.2872047 3.7756378 2.4372047 3.7756378 0 P 0
L 2.2872047 4.0206378 2.4372047 4.0206378 0 P 0
L 2.3238189 5.6801181 2.3238189 5.8159449 0 P 0
L 2.3238189 5.6801181 2.4793307 5.6801181 0 P 0
L 2.3238189 5.8159449 2.4793307 5.8159449 0 P 0
L 2.3799213 2.0866142 2.3799213 2.1259842 0 P 0
L 2.3799213 2.0866142 2.4232283 2.0866142 0 P 0
L 2.3799213 2.1259842 2.4232283 2.1259842 0 P 0
L 2.3949133 3.0474567 2.3949133 3.6454567 1 P 0
L 2.4232283 2.0866142 2.4232283 2.1259842 0 P 0
L 2.4372047 2.397685 2.4372047 2.642685 0 P 0
L 2.4372047 3.7756378 2.4372047 4.0206378 0 P 0
L 2.4793307 5.6801181 2.4793307 5.8159449 0 P 0
L 2.5590551 1.2598425 2.5590551 1.4173229 0 P 0
L 2.5590551 1.2598425 2.7165355 1.2598425 0 P 0
L 2.5590551 1.4173229 2.7165355 1.4173229 0 P 0
L 2.5613543 3.1062362 2.5613543 4.2522362 1 P 0
L 2.5629922 0.4114174 2.5629922 0.4547244 0 P 0
L 2.5629922 0.4114174 2.6023622 0.4114174 0 P 0
L 2.5629922 0.4547244 2.6023622 0.4547244 0 P 0
L 2.5807087 0.5590551 2.5807087 0.6220473 0 P 0
L 2.5807087 0.5590551 2.6948819 0.5590551 0 P 0
L 2.5807087 0.5964567 2.6181103 0.5590551 0 P 0
L 2.5807087 0.6220473 2.6948819 0.6220473 0 P 0
L 2.6023622 0.4114174 2.6023622 0.4547244 0 P 0
L 2.6948819 0.5590551 2.6948819 0.6220473 0 P 0
L 2.6948819 6.011811 2.6948819 6.1141732 0 P 0
L 2.6948819 6.011811 2.8169291 6.011811 0 P 0
L 2.6948819 6.1141732 2.8169291 6.1141732 0 P 0
L 2.6968504 1.2598425 2.7165355 1.2795276 0 P 0
L 2.7165355 1.2598425 2.7165355 1.4173229 0 P 0
L 2.7736221 2.0866142 2.7736221 2.1259842 0 P 0
L 2.7736221 2.0866142 2.8169291 2.0866142 0 P 0
L 2.7736221 2.1259842 2.8169291 2.1259842 0 P 0
L 2.7755905 2.4212598 2.7755905 2.6968504 0 P 0
L 2.7755905 2.4212598 3.0511811 2.4212598 0 P 0
L 2.7755905 2.6653543 2.8070866 2.6968504 0 P 0
L 2.7755905 2.6968504 3.0511811 2.6968504 0 P 0
L 2.7755905 3.7992126 2.7755905 4.0748032 0 P 0
L 2.7755905 3.7992126 3.0511811 3.7992126 0 P 0
L 2.7755905 4.0433071 2.8070866 4.0748032 0 P 0
L 2.7755905 4.0748032 3.0511811 4.0748032 0 P 0
L 2.8169291 2.0866142 2.8169291 2.1259842 0 P 0
L 2.8169291 6.011811 2.8169291 6.1141732 0 P 0
L 2.8537559 2.9762362 2.8537559 3.2442362 0 P 0
L 2.8537559 2.9762362 3.0517559 2.9762362 0 P 0
L 2.8537559 3.2442362 3.0517559 3.2442362 0 P 0
L 2.9444961 1.2515827 2.9444961 1.4255827 0 P 0
L 2.9444961 1.2515827 3.1184961 1.2515827 0 P 0
L 2.9444961 1.4255827 3.1184961 1.4255827 0 P 0
L 3.0511811 2.4212598 3.0511811 2.6968504 0 P 0
L 3.0511811 3.7992126 3.0511811 4.0748032 0 P 0
L 3.0517559 2.9762362 3.0517559 3.2442362 0 P 0
L 3.1184961 1.2515827 3.1184961 1.4255827 0 P 0
L 3.2137165 1.2775827 3.2137165 1.3995827 0 P 0
L 3.2137165 1.2775827 3.3217165 1.2775827 0 P 0
L 3.2137165 1.3995827 3.3217165 1.3995827 0 P 0
L 3.222441 0.9980315 3.222441 1.1545276 0 P 0
L 3.222441 0.9980315 3.4311024 0.9980315 0 P 0
L 3.222441 1.1545276 3.2746063 1.2066929 0 P 0
L 3.222441 1.5226377 3.222441 1.6791338 0 P 0
L 3.222441 1.5226377 3.2746063 1.4704724 0 P 0
L 3.222441 1.6791338 3.4311024 1.6791338 0 P 0
L 3.2480866 0.4835512 3.2480866 0.6985512 0 P 0
L 3.2480866 0.4835512 3.3660866 0.4835512 0 P 0
L 3.2480866 0.6985512 3.3660866 0.6985512 0 P 0
L 3.2746063 1.2066929 3.3789371 1.2066929 0 P 0
L 3.2746063 1.4704724 3.3789371 1.4704724 0 P 0
L 3.3217165 1.2775827 3.3217165 1.3995827 0 P 0
L 3.3660866 0.4835512 3.3660866 0.6985512 0 P 0
L 3.3789371 1.2066929 3.4311024 1.1545276 0 P 0
L 3.3789371 1.4704724 3.4311024 1.5226377 0 P 0
L 3.4093071 2.3558503 3.4093071 2.5388503 0 P 0
L 3.4093071 2.3558503 3.6773071 2.3558503 0 P 0
L 3.4093071 2.5388503 3.6773071 2.5388503 0 P 0
L 3.4093071 2.6314409 3.4093071 2.8144409 0 P 0
L 3.4093071 2.6314409 3.6773071 2.6314409 0 P 0
L 3.4093071 2.8144409 3.6773071 2.8144409 0 P 0
L 3.4093071 2.9070315 3.4093071 3.0900315 0 P 0
L 3.4093071 2.9070315 3.6773071 2.9070315 0 P 0
L 3.4093071 3.0900315 3.6773071 3.0900315 0 P 0
L 3.4093071 3.7790079 3.4093071 4.0950079 0 P 0
L 3.4093071 3.7790079 3.6773071 3.7790079 0 P 0
L 3.4093071 4.0950079 3.6773071 4.0950079 0 P 0
L 3.4225669 0.5345512 3.4225669 0.6465512 0 P 0
L 3.4225669 0.5345512 3.5065669 0.5345512 0 P 0
L 3.4225669 0.6465512 3.5065669 0.6465512 0 P 0
L 3.4311024 0.9980315 3.4311024 1.1545276 0 P 0
L 3.4311024 1.5226377 3.4311024 1.6791338 0 P 0
L 3.4633071 3.4443071 3.4633071 3.6423071 0 P 0
L 3.4633071 3.4443071 3.6233071 3.4443071 0 P 0
L 3.4633071 3.6423071 3.6233071 3.6423071 0 P 0
L 3.5065669 0.5345512 3.5065669 0.6465512 0 P 0
L 3.6233071 3.4443071 3.6233071 3.6423071 0 P 0
L 3.6773071 2.3558503 3.6773071 2.5388503 0 P 0
L 3.6773071 2.6314409 3.6773071 2.8144409 0 P 0
L 3.6773071 2.9070315 3.6773071 3.0900315 0 P 0
L 3.6773071 3.7790079 3.6773071 4.0950079 0 P 0
L 3.7086614 1.2814961 3.7086614 1.3956693 0 P 0
L 3.7086614 1.2814961 3.7716536 1.2814961 0 P 0
L 3.7086614 1.3582677 3.746063 1.3956693 0 P 0
L 3.7086614 1.3956693 3.7716536 1.3956693 0 P 0
L 3.7086614 1.5177165 3.7086614 1.6318897 0 P 0
L 3.7086614 1.5177165 3.7716536 1.5177165 0 P 0
L 3.7086614 1.5944881 3.746063 1.6318897 0 P 0
L 3.7086614 1.6318897 3.7716536 1.6318897 0 P 0
L 3.7716536 1.2814961 3.7716536 1.3956693 0 P 0
L 3.7716536 1.5177165 3.7716536 1.6318897 0 P 0
L 3.9037087 4.8318899 3.9037087 5.8548898 1 P 0
L 3.9037087 4.8318899 4.6507087 4.8318898 1 P 0
L 3.9037087 5.8548898 4.6507087 5.8548898 1 P 0
L 4.1535433 4.6240158 4.1535433 4.6673228 0 P 0
L 4.1535433 4.6240158 4.1929133 4.6240158 0 P 0
L 4.1535433 4.6673228 4.1929133 4.6673228 0 P 0
L 4.1929133 4.6240158 4.1929133 4.6673228 0 P 0
L 4.5078741 4.6240158 4.5078741 4.6673228 0 P 0
L 4.5078741 4.6240158 4.5472441 4.6240158 0 P 0
L 4.5078741 4.6673228 4.5472441 4.6673228 0 P 0
L 4.5472441 4.6240158 4.5472441 4.6673228 0 P 0
L 4.5888648 0.206795 4.5888648 0.961795 1 P 0
L 4.5888648 1.0612422 4.5888648 1.8162422 1 P 0
L 4.6507087 4.8318898 4.6507087 5.8548898 1 P 0
L 5.8743227 1.9740945 5.8743227 2.5130945 1 P 0
L 5.8743227 1.9740945 6.072677 1.9740945 1 P 0
L 5.8743227 2.5130945 6.072677 2.5130945 1 P 0
L 5.8743227 2.6751968 5.8743227 3.0732283 1 P 0
L 5.8743227 2.6751968 6.072677 2.6751968 1 P 0
L 5.8743227 3.0732283 6.072677 3.0732283 1 P 0
L 5.8743227 3.233937 5.8743227 3.772937 1 P 0
L 5.8743227 3.233937 6.072677 3.233937 1 P 0
L 5.8743227 3.772937 6.072677 3.772937 1 P 0
L 5.8743227 3.9032283 5.8743227 4.4422283 1 P 0
L 5.8743227 3.9032283 6.072677 3.9032283 1 P 0
L 5.8743227 4.4422283 6.072677 4.4422283 1 P 0
L 6.072677 1.9740945 6.072677 2.5130945 1 P 0
L 6.072677 2.6751968 6.072677 3.0732283 1 P 0
L 6.072677 3.233937 6.072677 3.772937 1 P 0
L 6.072677 3.9032283 6.072677 4.4422283 1 P 0
