#Layer_Color=16711935
#
#Feature symbol names
#
$0 r0.3937
$1 r0.7874

#
#Feature attribute names
#

#
#Layer features
#
L -0.0125984 0.0787402 -0.0125984 0.3149607 0 P 0
L -0.0125984 0.0787402 0.3811024 0.0787402 0 P 0
L -0.0125984 0.3149607 0.3811024 0.3149607 0 P 0
L 0.1181101 1.4173227 0.1181101 1.6535432 0 P 0
L 0.1181101 1.4173227 0.6692913 1.4173227 0 P 0
L 0.1181101 1.6535432 0.6692913 1.6535432 0 P 0
L 0.1448819 0.3248031 0.1448819 0.3838583 1 P 0
L 0.1448819 0.3248031 0.1744095 0.3248031 1 P 0
L 0.1448819 0.3838583 0.1744095 0.3838583 1 P 0
L 0.1498032 0.3543307 0.1694882 0.3543307 1 P 0
L 0.1596457 0.3444882 0.1596457 0.3641732 1 P 0
L 0.1673227 0.5757873 0.1673227 0.6053149 0 P 0
L 0.1673227 0.5757873 0.2263779 0.5757873 0 P 0
L 0.1673227 0.6053149 0.2263779 0.6053149 0 P 0
L 0.1673227 0.6938976 0.1673227 0.7234252 0 P 0
L 0.1673227 0.6938976 0.2263779 0.6938976 0 P 0
L 0.1673227 0.7234252 0.2263779 0.7234252 0 P 0
L 0.1673227 0.7332676 0.1673227 0.7627952 1 P 0
L 0.1673227 0.7332676 0.2263779 0.7332676 1 P 0
L 0.1673227 0.7627952 0.2263779 0.7627952 1 P 0
L 0.1673227 0.7726377 0.1673227 0.8021653 0 P 0
L 0.1673227 0.7726377 0.2263779 0.7726377 0 P 0
L 0.1673227 0.8021653 0.2263779 0.8021653 0 P 0
L 0.1732283 0.6200786 0.1732283 0.6791338 0 P 0
L 0.1732283 0.6200786 0.2204724 0.6200786 0 P 0
L 0.1732283 0.6791338 0.2204724 0.6791338 0 P 0
L 0.1744095 0.2362205 0.1940945 0.2362205 0 P 0
L 0.1744095 0.3248031 0.1744095 0.3838583 1 P 0
L 0.184252 0.226378 0.184252 0.246063 0 P 0
L 0.1870078 0.5905511 0.2066928 0.5905511 0 P 0
L 0.1870078 0.6496062 0.2066928 0.6496062 0 P 0
L 0.1870078 0.7086614 0.2066928 0.7086614 0 P 0
L 0.1870078 0.7480314 0.2066928 0.7480314 1 P 0
L 0.1870078 0.7874015 0.2066928 0.7874015 0 P 0
L 0.1940946 0.3248031 0.1940946 0.3838583 0 P 0
L 0.1940946 0.3248031 0.2236222 0.3248031 0 P 0
L 0.1940946 0.3838583 0.2236222 0.3838583 0 P 0
L 0.1968503 0.5807086 0.1968503 0.6003936 0 P 0
L 0.1968503 0.6397637 0.1968503 0.6594487 0 P 0
L 0.1968503 0.6988189 0.1968503 0.7185039 0 P 0
L 0.1968503 0.7381889 0.1968503 0.7578739 1 P 0
L 0.1968503 0.777559 0.1968503 0.797244 0 P 0
L 0.1990159 0.3543307 0.2187009 0.3543307 0 P 0
L 0.2017716 1.3011811 0.2017716 1.3602363 0 P 0
L 0.2017716 1.3011811 0.2312992 1.3011811 0 P 0
L 0.2017716 1.3602363 0.2312992 1.3602363 0 P 0
L 0.2066929 1.3307087 0.2263779 1.3307087 0 P 0
L 0.2088584 0.3444882 0.2088584 0.3641732 0 P 0
L 0.2165354 1.3208662 0.2165354 1.3405512 0 P 0
L 0.2204724 0.6200786 0.2204724 0.6791338 0 P 0
L 0.2236222 0.3248031 0.2236222 0.3838583 0 P 0
L 0.2263779 0.5757873 0.2263779 0.6053149 0 P 0
L 0.2263779 0.6938976 0.2263779 0.7234252 0 P 0
L 0.2263779 0.7332676 0.2263779 0.7627952 1 P 0
L 0.2263779 0.7726377 0.2263779 0.8021653 0 P 0
L 0.2312992 1.3011811 0.2312992 1.3602363 0 P 0
L 0.2362205 1.2204724 0.2362205 1.3779528 0 P 0
L 0.2362205 1.2204724 0.5511811 1.2204724 0 P 0
L 0.2362205 1.3779528 0.5511811 1.3779528 0 P 0
L 0.2739999 1.382874 0.2739999 1.4124016 0 P 0
L 0.2739999 1.382874 0.3330551 1.382874 0 P 0
L 0.2739999 1.4124016 0.3330551 1.4124016 0 P 0
L 0.293685 1.3976378 0.31337 1.3976378 0 P 0
L 0.2952756 0.9055118 0.2952756 1.1417322 0 P 0
L 0.2952756 0.9055118 0.492126 0.9055118 0 P 0
L 0.2952756 1.1417322 0.492126 1.1417322 0 P 0
L 0.3035275 1.3877953 0.3035275 1.4074803 0 P 0
L 0.3330551 1.382874 0.3330551 1.4124016 0 P 0
L 0.3447007 0.4394409 0.3447007 0.5054409 0 P 0
L 0.3447007 0.4394409 0.4427007 0.4394409 0 P 0
L 0.3447007 0.5054409 0.4427007 0.5054409 0 P 0
L 0.3641731 0.5757873 0.3641731 0.6053149 0 P 0
L 0.3641731 0.5757873 0.4232283 0.5757873 0 P 0
L 0.3641731 0.6053149 0.4232283 0.6053149 0 P 0
L 0.3641731 0.6938976 0.3641731 0.7234252 0 P 0
L 0.3641731 0.6938976 0.4232283 0.6938976 0 P 0
L 0.3641731 0.7234252 0.4232283 0.7234252 0 P 0
L 0.3641731 0.7332676 0.3641731 0.7627952 1 P 0
L 0.3641731 0.7332676 0.4232283 0.7332676 1 P 0
L 0.3641731 0.7627952 0.4232283 0.7627952 1 P 0
L 0.3641731 0.7726377 0.3641731 0.8021653 0 P 0
L 0.3641731 0.7726377 0.4232283 0.7726377 0 P 0
L 0.3641731 0.8021653 0.4232283 0.8021653 0 P 0
L 0.3700787 0.6200786 0.3700787 0.6791338 0 P 0
L 0.3700787 0.6200786 0.4173228 0.6200786 0 P 0
L 0.3700787 0.6791338 0.4173228 0.6791338 0 P 0
L 0.3811024 0.0787402 0.3811024 0.3149607 0 P 0
L 0.3818897 0.4714409 0.4055117 0.4714409 0 P 0
L 0.3838582 0.5905511 0.4035432 0.5905511 0 P 0
L 0.3838582 0.6496062 0.4035432 0.6496062 0 P 0
L 0.3838582 0.7086614 0.4035432 0.7086614 0 P 0
L 0.3838582 0.7480314 0.4035432 0.7480314 1 P 0
L 0.3838582 0.7874015 0.4035432 0.7874015 0 P 0
L 0.3838582 1.4960629 0.4035432 1.4960629 0 P 0
L 0.3838583 1.023622 0.4035433 1.023622 0 P 0
L 0.3838583 1.2992126 0.4035433 1.2992126 0 P 0
L 0.3937007 0.4596299 0.3937007 0.4832519 0 P 0
L 0.3937007 0.5807086 0.3937007 0.6003936 0 P 0
L 0.3937007 0.6397637 0.3937007 0.6594487 0 P 0
L 0.3937007 0.6988189 0.3937007 0.7185039 0 P 0
L 0.3937007 0.7381889 0.3937007 0.7578739 1 P 0
L 0.3937007 0.777559 0.3937007 0.797244 0 P 0
L 0.3937007 1.4862204 0.3937007 1.5059054 0 P 0
L 0.3937008 1.0137795 0.3937008 1.0334645 0 P 0
L 0.3937008 1.2893701 0.3937008 1.3090551 0 P 0
L 0.4062992 0.0787402 0.4062992 0.3149607 0 P 0
L 0.4062992 0.0787402 0.8 0.0787402 0 P 0
L 0.4062992 0.3149607 0.8 0.3149607 0 P 0
L 0.4173228 0.6200786 0.4173228 0.6791338 0 P 0
L 0.4232283 0.5757873 0.4232283 0.6053149 0 P 0
L 0.4232283 0.6938976 0.4232283 0.7234252 0 P 0
L 0.4232283 0.7332676 0.4232283 0.7627952 1 P 0
L 0.4232283 0.7726377 0.4232283 0.8021653 0 P 0
L 0.4427007 0.4394409 0.4427007 0.5054409 0 P 0
L 0.453937 1.1614173 0.453937 1.2204725 1 P 0
L 0.453937 1.1614173 0.4834646 1.1614173 1 P 0
L 0.453937 1.2204725 0.4834646 1.2204725 1 P 0
L 0.4588583 1.1909449 0.4785433 1.1909449 1 P 0
L 0.4687008 1.1811024 0.4687008 1.2007874 1 P 0
L 0.4834646 1.1614173 0.4834646 1.2204725 1 P 0
L 0.492126 0.9055118 0.492126 1.1417322 0 P 0
L 0.5511811 1.2204724 0.5511811 1.3779528 0 P 0
L 0.5561023 1.3011811 0.5561023 1.3602363 0 P 0
L 0.5561023 1.3011811 0.5856299 1.3011811 0 P 0
L 0.5561023 1.3602363 0.5856299 1.3602363 0 P 0
L 0.5610235 0.5757873 0.5610235 0.6053149 0 P 0
L 0.5610235 0.5757873 0.6200787 0.5757873 0 P 0
L 0.5610235 0.6053149 0.6200787 0.6053149 0 P 0
L 0.5610235 0.6938976 0.5610235 0.7234252 0 P 0
L 0.5610235 0.6938976 0.6200787 0.6938976 0 P 0
L 0.5610235 0.7234252 0.6200787 0.7234252 0 P 0
L 0.5610235 0.7332676 0.5610235 0.7627952 1 P 0
L 0.5610235 0.7332676 0.6200787 0.7332676 1 P 0
L 0.5610235 0.7627952 0.6200787 0.7627952 1 P 0
L 0.5610235 0.7726377 0.5610235 0.8021653 0 P 0
L 0.5610235 0.7726377 0.6200787 0.7726377 0 P 0
L 0.5610235 0.8021653 0.6200787 0.8021653 0 P 0
L 0.5610236 1.3307087 0.5807086 1.3307087 0 P 0
L 0.5637795 0.3248031 0.5637795 0.3838583 1 P 0
L 0.5637795 0.3248031 0.5933071 0.3248031 1 P 0
L 0.5637795 0.3838583 0.5933071 0.3838583 1 P 0
L 0.5669291 0.6200786 0.5669291 0.6791338 0 P 0
L 0.5669291 0.6200786 0.6141732 0.6200786 0 P 0
L 0.5669291 0.6791338 0.6141732 0.6791338 0 P 0
L 0.5687008 0.3543307 0.5883858 0.3543307 1 P 0
L 0.5708661 1.3208662 0.5708661 1.3405512 0 P 0
L 0.5785433 0.3444882 0.5785433 0.3641732 1 P 0
L 0.5807086 0.5905511 0.6003936 0.5905511 0 P 0
L 0.5807086 0.6496062 0.6003936 0.6496062 0 P 0
L 0.5807086 0.7086614 0.6003936 0.7086614 0 P 0
L 0.5807086 0.7480314 0.6003936 0.7480314 1 P 0
L 0.5807086 0.7874015 0.6003936 0.7874015 0 P 0
L 0.5856299 1.3011811 0.5856299 1.3602363 0 P 0
L 0.5905511 0.5807086 0.5905511 0.6003936 0 P 0
L 0.5905511 0.6397637 0.5905511 0.6594487 0 P 0
L 0.5905511 0.6988189 0.5905511 0.7185039 0 P 0
L 0.5905511 0.7381889 0.5905511 0.7578739 1 P 0
L 0.5905511 0.777559 0.5905511 0.797244 0 P 0
L 0.5933071 0.2362205 0.6129921 0.2362205 0 P 0
L 0.5933071 0.3248031 0.5933071 0.3838583 1 P 0
L 0.6031496 0.226378 0.6031496 0.246063 0 P 0
L 0.6129922 0.3248031 0.6129922 0.3838583 0 P 0
L 0.6129922 0.3248031 0.6425198 0.3248031 0 P 0
L 0.6129922 0.3838583 0.6425198 0.3838583 0 P 0
L 0.6141732 0.6200786 0.6141732 0.6791338 0 P 0
L 0.6179135 0.3543307 0.6375985 0.3543307 0 P 0
L 0.6200787 0.5757873 0.6200787 0.6053149 0 P 0
L 0.6200787 0.6938976 0.6200787 0.7234252 0 P 0
L 0.6200787 0.7332676 0.6200787 0.7627952 1 P 0
L 0.6200787 0.7726377 0.6200787 0.8021653 0 P 0
L 0.627756 0.3444882 0.627756 0.3641732 0 P 0
L 0.6425198 0.3248031 0.6425198 0.3838583 0 P 0
L 0.6692913 1.4173227 0.6692913 1.6535432 0 P 0
L 0.8 0.0787402 0.8 0.3149607 0 P 0
