#Layer_Color=9474304
#
#Feature symbol names
#
$0 r5

#
#Feature attribute names
#

#
#Layer features
#
L -0.0098418 -0.511811 0.0098432 -0.511811 0 P 0
L -0.0314961 0.639764 -0.0314961 0.647638 0 P 0
L -0.0354331 0.643701 -0.0275591 0.643701 0 P 0
L -0.0393693 -0.5216535 -0.0393693 -0.5019685 0 P 0
L -0.0492118 -0.511811 -0.0295268 -0.511811 0 P 0
L -0.0590156 0.2275198 -0.0590156 0.2353938 0 P 0
L -0.0590156 0.6212206 -0.0590156 0.6290946 0 P 0
L -0.0629526 0.2314568 -0.0550786 0.2314568 0 P 0
L -0.0629526 0.6251576 -0.0550786 0.6251576 0 P 0
L -0.0787393 -0.5216535 -0.0787393 -0.5019685 0 P 0
L -0.0787402 0.639764 -0.0787402 0.647638 0 P 0
L -0.0826772 0.643701 -0.0748032 0.643701 0 P 0
L -0.0885818 -0.511811 -0.0688968 -0.511811 0 P 0
L -0.1011811 0.1535433 -0.1011811 0.1614173 0 P 0
L -0.1011811 0.4291339 -0.1011811 0.4370079 0 P 0
L -0.1051181 0.1574803 -0.0972441 0.1574803 0 P 0
L -0.1051181 0.4330709 -0.0972441 0.4330709 0 P 0
L -0.1181093 -0.5216535 -0.1181093 -0.5019685 0 P 0
L -0.1279518 -0.511811 -0.1082668 -0.511811 0 P 0
L -0.1299213 -0.038937 -0.1299213 -0.031063 0 P 0
L -0.1299213 -0.078937 -0.1299213 -0.071063 0 P 0
L -0.1299213 -0.2844488 -0.1299213 -0.2765748 0 P 0
L -0.1338583 -0.035 -0.1259843 -0.035 0 P 0
L -0.1338583 -0.075 -0.1259843 -0.075 0 P 0
L -0.1338583 -0.2805118 -0.1259843 -0.2805118 0 P 0
L -0.1574408 0.4243702 -0.1574408 0.4322442 0 P 0
L -0.1574793 -0.5216535 -0.1574793 -0.5019685 0 P 0
L -0.1613778 0.4283072 -0.1535038 0.4283072 0 P 0
L -0.1673218 -0.511811 -0.1476368 -0.511811 0 P 0
L -0.1968493 -0.5216535 -0.1968493 -0.5019685 0 P 0
L -0.2066918 -0.511811 -0.1870068 -0.511811 0 P 0
L -0.2362193 -0.5216535 -0.2362193 -0.5019685 0 P 0
L -0.2460618 -0.511811 -0.2263768 -0.511811 0 P 0
L -0.255866 -0.166181 -0.255866 -0.158307 0 P 0
L -0.255866 0.2275198 -0.255866 0.2353938 0 P 0
L -0.255866 0.6212206 -0.255866 0.6290946 0 P 0
L -0.259803 -0.162244 -0.251929 -0.162244 0 P 0
L -0.259803 0.2314568 -0.251929 0.2314568 0 P 0
L -0.259803 0.6251576 -0.251929 0.6251576 0 P 0
L -0.265748 -0.003937 -0.265748 0.003937 0 P 0
L -0.265748 -0.0354331 -0.265748 -0.0275591 0 P 0
L -0.265748 -0.0669292 -0.265748 -0.0590552 0 P 0
L -0.265748 -0.0984252 -0.265748 -0.0905512 0 P 0
L -0.265748 0.027559 -0.265748 0.035433 0 P 0
L -0.269685 -0.0314961 -0.261811 -0.0314961 0 P 0
L -0.269685 -0.0629922 -0.261811 -0.0629922 0 P 0
L -0.269685 -0.0944882 -0.261811 -0.0944882 0 P 0
L -0.269685 0 -0.261811 0 0 P 0
L -0.269685 0.031496 -0.261811 0.031496 0 P 0
L -0.2755893 -0.5216535 -0.2755893 -0.5019685 0 P 0
L -0.2854318 -0.511811 -0.2657468 -0.511811 0 P 0
L -0.3149593 -0.5216535 -0.3149593 -0.5019685 0 P 0
L -0.3248018 -0.511811 -0.3051168 -0.511811 0 P 0
L -0.3499842 0.6653544 -0.3499842 0.6732284 0 P 0
L -0.3539212 0.6692914 -0.3460472 0.6692914 0 P 0
L -0.3543293 -0.5216535 -0.3543293 -0.5019685 0 P 0
L -0.3622047 0.1240157 -0.3622047 0.1318897 0 P 0
L -0.3641718 -0.511811 -0.3444868 -0.511811 0 P 0
L -0.3661417 0.1279527 -0.3582677 0.1279527 0 P 0
L -0.3936993 -0.5216535 -0.3936993 -0.5019685 0 P 0
L -0.3991968 0.6653544 -0.3991968 0.6732284 0 P 0
L -0.4031338 0.6692914 -0.3952598 0.6692914 0 P 0
L -0.4035418 -0.511811 -0.3838568 -0.511811 0 P 0
L -0.4251968 -0.2844488 -0.4251968 -0.2765748 0 P 0
L -0.4291338 -0.2805118 -0.4212598 -0.2805118 0 P 0
L -0.4330693 -0.5216535 -0.4330693 -0.5019685 0 P 0
L -0.4429118 -0.511811 -0.4232268 -0.511811 0 P 0
L -0.4484094 0.6653544 -0.4484094 0.6732284 0 P 0
L -0.4523464 0.6692914 -0.4444724 0.6692914 0 P 0
L -0.4527164 -0.166181 -0.4527164 -0.158307 0 P 0
L -0.4566534 -0.162244 -0.4487794 -0.162244 0 P 0
L -0.4566929 0.1190945 -0.4566929 0.1269685 0 P 0
L -0.4606299 0.1230315 -0.4527559 0.1230315 0 P 0
L -0.4724393 -0.5216535 -0.4724393 -0.5019685 0 P 0
L -0.4822818 -0.511811 -0.4625968 -0.511811 0 P 0
L -0.4881889 -0.2844488 -0.4881889 -0.2765748 0 P 0
L -0.4921259 -0.2805118 -0.4842519 -0.2805118 0 P 0
L -0.497622 0.6653544 -0.497622 0.6732284 0 P 0
L -0.501559 0.6692914 -0.493685 0.6692914 0 P 0
L -0.5118093 -0.5216535 -0.5118093 -0.5019685 0 P 0
L -0.5216518 -0.511811 -0.5019668 -0.511811 0 P 0
L -0.5468346 0.238189 -0.5468346 0.246063 0 P 0
L -0.5468346 0.6653544 -0.5468346 0.6732284 0 P 0
L -0.5507716 0.242126 -0.5428976 0.242126 0 P 0
L -0.5507716 0.6692914 -0.5428976 0.6692914 0 P 0
L -0.5511416 0.0306694 -0.5511416 0.0385434 0 P 0
L -0.5511793 -0.5216535 -0.5511793 -0.5019685 0 P 0
L -0.5511811 0.1240157 -0.5511811 0.1318897 0 P 0
L -0.5550786 0.0346064 -0.5472046 0.0346064 0 P 0
L -0.5551181 0.1279527 -0.5472441 0.1279527 0 P 0
L -0.5610218 -0.511811 -0.5413368 -0.511811 0 P 0
L -0.5905493 -0.5216535 -0.5905493 -0.5019685 0 P 0
L -0.6003918 -0.511811 -0.5807068 -0.511811 0 P 0
L -0.6299193 -0.5216535 -0.6299193 -0.5019685 0 P 0
L -0.6397618 -0.511811 -0.6200768 -0.511811 0 P 0
L -0.6495668 0.2275198 -0.6495668 0.2353938 0 P 0
L -0.6495668 0.6212206 -0.6495668 0.6290946 0 P 0
L -0.6535038 0.2314568 -0.6456298 0.2314568 0 P 0
L -0.6535038 0.6251576 -0.6456298 0.6251576 0 P 0
L -0.6692893 -0.5216535 -0.6692893 -0.5019685 0 P 0
L -0.6742125 -0.0984252 -0.6742125 -0.0905512 0 P 0
L -0.6781495 -0.0944882 -0.6702755 -0.0944882 0 P 0
L -0.6789517 -0.1926449 -0.6789517 -0.1847709 0 P 0
L -0.6791318 -0.511811 -0.6594468 -0.511811 0 P 0
L -0.6791338 -0.1299213 -0.6791338 -0.1220473 0 P 0
L -0.679685 -0.1614174 -0.679685 -0.1535434 0 P 0
L -0.6828887 -0.1887079 -0.6750147 -0.1887079 0 P 0
L -0.6830708 -0.1259843 -0.6751968 -0.1259843 0 P 0
L -0.683622 -0.1574804 -0.675748 -0.1574804 0 P 0
L -0.7086593 -0.5216535 -0.7086593 -0.5019685 0 P 0
L -0.7086614 -0.0251969 -0.7086614 -0.0173229 0 P 0
L -0.7125984 -0.0212599 -0.7047244 -0.0212599 0 P 0
L -0.7185018 -0.511811 -0.6988168 -0.511811 0 P 0
L -0.747992 0.0306694 -0.747992 0.0385434 0 P 0
L -0.747992 0.4243702 -0.747992 0.4322442 0 P 0
L -0.7480293 -0.5216535 -0.7480293 -0.5019685 0 P 0
L -0.751929 0.0346064 -0.744055 0.0346064 0 P 0
L -0.751929 0.4283072 -0.744055 0.4283072 0 P 0
L -0.7578718 -0.511811 -0.7381868 -0.511811 0 P 0
L -0.7873993 -0.5216535 -0.7873993 -0.5019685 0 P 0
L -0.7972418 -0.511811 -0.7775568 -0.511811 0 P 0
L -0.8267693 -0.5216535 -0.8267693 -0.5019685 0 P 0
L -0.8366118 -0.511811 -0.8169268 -0.511811 0 P 0
L -0.8464172 0.2275198 -0.8464172 0.2353938 0 P 0
L -0.8503542 0.2314568 -0.8424802 0.2314568 0 P 0
L -0.8661393 -0.5216535 -0.8661393 -0.5019685 0 P 0
L -0.8759818 -0.511811 -0.8562968 -0.511811 0 P 0
L -0.8896653 -0.0246062 -0.8896653 -0.0167322 0 P 0
L -0.8936023 -0.0206692 -0.8857283 -0.0206692 0 P 0
L -0.9055093 -0.5216535 -0.9055093 -0.5019685 0 P 0
L -0.9055173 0.5019685 -0.9055173 0.5216535 0 P 0
L -0.9153518 -0.511811 -0.8956668 -0.511811 0 P 0
L -0.9153598 0.511811 -0.8956748 0.511811 0 P 0
L -0.9224409 -0.1614173 -0.9224409 -0.1535433 0 P 0
L -0.9224409 0.0157481 -0.9224409 0.0236221 0 P 0
L -0.9263779 -0.1574803 -0.9185039 -0.1574803 0 P 0
L -0.9263779 0.0196851 -0.9185039 0.0196851 0 P 0
L -0.9448424 -0.3630314 -0.9448424 -0.3551574 0 P 0
L -0.9448424 0.4243702 -0.9448424 0.4322442 0 P 0
L -0.9448793 -0.5216535 -0.9448793 -0.5019685 0 P 0
L -0.9448873 0.5019685 -0.9448873 0.5216535 0 P 0
L -0.9487794 -0.3590944 -0.9409054 -0.3590944 0 P 0
L -0.9487794 0.4283072 -0.9409054 0.4283072 0 P 0
L -0.9547218 -0.511811 -0.9350368 -0.511811 0 P 0
L -0.9547298 0.511811 -0.9350448 0.511811 0 P 0
L -0.9673229 0.0748032 -0.9673229 0.0826772 0 P 0
L -0.9712599 0.0787402 -0.9633859 0.0787402 0 P 0
L -0.9842493 -0.5216535 -0.9842493 -0.5019685 0 P 0
L -0.9842573 0.5019685 -0.9842573 0.5216535 0 P 0
L -0.9940918 -0.511811 -0.9744068 -0.511811 0 P 0
L -0.9940998 0.511811 -0.9744148 0.511811 0 P 0
L -1.0000984 -0.0620078 -1.0000984 -0.0541338 0 P 0
L -1.0040354 -0.0580708 -0.9961614 -0.0580708 0 P 0
L -1.0236193 -0.5216535 -1.0236193 -0.5019685 0 P 0
L -1.0236273 0.5019685 -1.0236273 0.5216535 0 P 0
L -1.0334618 -0.511811 -1.0137768 -0.511811 0 P 0
L -1.0334698 0.511811 -1.0137848 0.511811 0 P 0
L -1.0432676 -0.166181 -1.0432676 -0.158307 0 P 0
L -1.0432676 0.2275198 -1.0432676 0.2353938 0 P 0
L -1.0472046 -0.162244 -1.0393306 -0.162244 0 P 0
L -1.0472046 0.2314568 -1.0393306 0.2314568 0 P 0
L -1.0629893 -0.5216535 -1.0629893 -0.5019685 0 P 0
L -1.0629973 0.5019685 -1.0629973 0.5216535 0 P 0
L -1.0728318 -0.511811 -1.0531468 -0.511811 0 P 0
L -1.0728398 0.511811 -1.0531548 0.511811 0 P 0
L -1.1023593 -0.5216535 -1.1023593 -0.5019685 0 P 0
L -1.1023673 0.5019685 -1.1023673 0.5216535 0 P 0
L -1.1122018 -0.511811 -1.0925168 -0.511811 0 P 0
L -1.1122098 0.511811 -1.0925248 0.511811 0 P 0
L -1.1416928 -0.3630314 -1.1416928 -0.3551574 0 P 0
L -1.1416928 0.0306694 -1.1416928 0.0385434 0 P 0
L -1.1416928 0.4243702 -1.1416928 0.4322442 0 P 0
L -1.1417293 -0.5216535 -1.1417293 -0.5019685 0 P 0
L -1.1417373 0.5019685 -1.1417373 0.5216535 0 P 0
L -1.1456298 -0.3590944 -1.1377558 -0.3590944 0 P 0
L -1.1456298 0.0346064 -1.1377558 0.0346064 0 P 0
L -1.1456298 0.4283072 -1.1377558 0.4283072 0 P 0
L -1.1515718 -0.511811 -1.1318868 -0.511811 0 P 0
L -1.1515798 0.511811 -1.1318948 0.511811 0 P 0
L -1.1810993 -0.5216535 -1.1810993 -0.5019685 0 P 0
L -1.1811073 0.5019685 -1.1811073 0.5216535 0 P 0
L -1.1909418 -0.511811 -1.1712568 -0.511811 0 P 0
L -1.1909498 0.511811 -1.1712648 0.511811 0 P 0
L -1.2204693 -0.5216535 -1.2204693 -0.5019685 0 P 0
L -1.2204773 0.5019685 -1.2204773 0.5216535 0 P 0
L -1.2303118 -0.511811 -1.2106268 -0.511811 0 P 0
L -1.2303198 0.511811 -1.2106348 0.511811 0 P 0
L -1.240118 -0.166181 -1.240118 -0.158307 0 P 0
L -1.240118 0.2275198 -1.240118 0.2353938 0 P 0
L -1.244055 -0.162244 -1.236181 -0.162244 0 P 0
L -1.244055 0.2314568 -1.236181 0.2314568 0 P 0
L -1.2598393 -0.5216535 -1.2598393 -0.5019685 0 P 0
L -1.2598473 0.5019685 -1.2598473 0.5216535 0 P 0
L -1.2696818 -0.511811 -1.2499968 -0.511811 0 P 0
L -1.2696898 0.511811 -1.2500048 0.511811 0 P 0
L -1.2992093 -0.5216535 -1.2992093 -0.5019685 0 P 0
L -1.2992173 0.5019685 -1.2992173 0.5216535 0 P 0
L -1.3090518 -0.511811 -1.2893668 -0.511811 0 P 0
L -1.3090598 0.511811 -1.2893748 0.511811 0 P 0
L -1.3385432 -0.3630314 -1.3385432 -0.3551574 0 P 0
L -1.3385432 0.0306694 -1.3385432 0.0385434 0 P 0
L -1.3385432 0.4243702 -1.3385432 0.4322442 0 P 0
L -1.3385793 -0.5216535 -1.3385793 -0.5019685 0 P 0
L -1.3385873 0.5019685 -1.3385873 0.5216535 0 P 0
L -1.3424802 -0.3590944 -1.3346062 -0.3590944 0 P 0
L -1.3424802 0.0346064 -1.3346062 0.0346064 0 P 0
L -1.3424802 0.4283072 -1.3346062 0.4283072 0 P 0
L -1.3484218 -0.511811 -1.3287368 -0.511811 0 P 0
L -1.3484298 0.511811 -1.3287448 0.511811 0 P 0
L -1.3779493 -0.5216535 -1.3779493 -0.5019685 0 P 0
L -1.3779573 0.5019685 -1.3779573 0.5216535 0 P 0
L -1.3877918 -0.511811 -1.3681068 -0.511811 0 P 0
L -1.3877998 0.511811 -1.3681148 0.511811 0 P 0
L -1.4173193 -0.5216535 -1.4173193 -0.5019685 0 P 0
L -1.4173273 0.5019685 -1.4173273 0.5216535 0 P 0
L -1.4271618 -0.511811 -1.4074768 -0.511811 0 P 0
L -1.4271698 0.511811 -1.4074848 0.511811 0 P 0
L -1.4369684 -0.166181 -1.4369684 -0.158307 0 P 0
L -1.4369684 0.2275198 -1.4369684 0.2353938 0 P 0
L -1.4409054 -0.162244 -1.4330314 -0.162244 0 P 0
L -1.4409054 0.2314568 -1.4330314 0.2314568 0 P 0
L -1.4566893 -0.5216535 -1.4566893 -0.5019685 0 P 0
L -1.4566973 0.5019685 -1.4566973 0.5216535 0 P 0
L -1.4665318 -0.511811 -1.4468468 -0.511811 0 P 0
L -1.4665398 0.511811 -1.4468548 0.511811 0 P 0
L -1.4960593 -0.5216535 -1.4960593 -0.5019685 0 P 0
L -1.4960673 0.5019685 -1.4960673 0.5216535 0 P 0
L -1.5059018 -0.511811 -1.4862168 -0.511811 0 P 0
L -1.5059098 0.511811 -1.4862248 0.511811 0 P 0
L -1.5353936 -0.3630314 -1.5353936 -0.3551574 0 P 0
L -1.5353936 0.0306694 -1.5353936 0.0385434 0 P 0
L -1.5353936 0.4243702 -1.5353936 0.4322442 0 P 0
L -1.5354293 -0.5216535 -1.5354293 -0.5019685 0 P 0
L -1.5354373 0.5019685 -1.5354373 0.5216535 0 P 0
L -1.5393306 -0.3590944 -1.5314566 -0.3590944 0 P 0
L -1.5393306 0.0346064 -1.5314566 0.0346064 0 P 0
L -1.5393306 0.4283072 -1.5314566 0.4283072 0 P 0
L -1.5452718 -0.511811 -1.5255868 -0.511811 0 P 0
L -1.5452798 0.511811 -1.5255948 0.511811 0 P 0
L -1.5747993 -0.5216535 -1.5747993 -0.5019685 0 P 0
L -1.5748073 0.5019685 -1.5748073 0.5216535 0 P 0
L -1.5846418 -0.511811 -1.5649568 -0.511811 0 P 0
L -1.5846498 0.511811 -1.5649648 0.511811 0 P 0
L -1.6141693 -0.5216535 -1.6141693 -0.5019685 0 P 0
L -1.6240118 -0.511811 -1.6043268 -0.511811 0 P 0
L -1.6456693 -0.2232284 -1.6456693 -0.2153544 0 P 0
L -1.6496063 -0.2192914 -1.6417323 -0.2192914 0 P 0
L -1.6535393 -0.5216535 -1.6535393 -0.5019685 0 P 0
L -1.6633818 -0.511811 -1.6436968 -0.511811 0 P 0
L -1.6929093 -0.5216535 -1.6929093 -0.5019685 0 P 0
L -1.6929173 0.5019685 -1.6929173 0.5216535 0 P 0
L -1.7027518 -0.511811 -1.6830668 -0.511811 0 P 0
L -1.7027598 0.511811 -1.6830748 0.511811 0 P 0
L -1.732244 -0.3630314 -1.732244 -0.3551574 0 P 0
L -1.732244 0.4243702 -1.732244 0.4322442 0 P 0
L -1.7322793 -0.5216535 -1.7322793 -0.5019685 0 P 0
L -1.7322873 0.5019685 -1.7322873 0.5216535 0 P 0
L -1.736181 -0.3590944 -1.728307 -0.3590944 0 P 0
L -1.736181 0.4283072 -1.728307 0.4283072 0 P 0
L -1.7421218 -0.511811 -1.7224368 -0.511811 0 P 0
L -1.7421298 0.511811 -1.7224448 0.511811 0 P 0
L -1.7716493 -0.5216535 -1.7716493 -0.5019685 0 P 0
L -1.7716573 0.5019685 -1.7716573 0.5216535 0 P 0
L -1.7814918 -0.511811 -1.7618068 -0.511811 0 P 0
L -1.7814998 0.511811 -1.7618148 0.511811 0 P 0
L -1.8110193 -0.5216535 -1.8110193 -0.5019685 0 P 0
L -1.8110273 0.5019685 -1.8110273 0.5216535 0 P 0
L -1.8208618 -0.511811 -1.8011768 -0.511811 0 P 0
L -1.8208698 0.511811 -1.8011848 0.511811 0 P 0
L -1.8306692 -0.166181 -1.8306692 -0.158307 0 P 0
L -1.8306692 0.2275198 -1.8306692 0.2353938 0 P 0
L -1.8346062 -0.162244 -1.8267322 -0.162244 0 P 0
L -1.8346062 0.2314568 -1.8267322 0.2314568 0 P 0
L -1.8503893 -0.5216535 -1.8503893 -0.5019685 0 P 0
L -1.8503973 0.5019685 -1.8503973 0.5216535 0 P 0
L -1.8602318 -0.511811 -1.8405468 -0.511811 0 P 0
L -1.8602398 0.511811 -1.8405548 0.511811 0 P 0
L -1.8897593 -0.5216535 -1.8897593 -0.5019685 0 P 0
L -1.8897673 0.5019685 -1.8897673 0.5216535 0 P 0
L -1.8996018 -0.511811 -1.8799168 -0.511811 0 P 0
L -1.8996098 0.511811 -1.8799248 0.511811 0 P 0
L -1.9290944 -0.3630314 -1.9290944 -0.3551574 0 P 0
L -1.9290944 0.0306694 -1.9290944 0.0385434 0 P 0
L -1.9290944 0.4243702 -1.9290944 0.4322442 0 P 0
L -1.9291293 -0.5216535 -1.9291293 -0.5019685 0 P 0
L -1.9291373 0.5019685 -1.9291373 0.5216535 0 P 0
L -1.9330314 -0.3590944 -1.9251574 -0.3590944 0 P 0
L -1.9330314 0.0346064 -1.9251574 0.0346064 0 P 0
L -1.9330314 0.4283072 -1.9251574 0.4283072 0 P 0
L -1.9389718 -0.511811 -1.9192868 -0.511811 0 P 0
L -1.9389798 0.511811 -1.9192948 0.511811 0 P 0
L -1.9684993 -0.5216535 -1.9684993 -0.5019685 0 P 0
L -1.9685073 0.5019685 -1.9685073 0.5216535 0 P 0
L -1.9783418 -0.511811 -1.9586568 -0.511811 0 P 0
L -1.9783498 0.511811 -1.9586648 0.511811 0 P 0
L -2.0078693 -0.5216535 -2.0078693 -0.5019685 0 P 0
L -2.0078773 0.5019685 -2.0078773 0.5216535 0 P 0
L -2.0177118 -0.511811 -1.9980268 -0.511811 0 P 0
L -2.0177198 0.511811 -1.9980348 0.511811 0 P 0
L -2.0275196 -0.166181 -2.0275196 -0.158307 0 P 0
L -2.0275196 0.2275198 -2.0275196 0.2353938 0 P 0
L -2.0314566 -0.162244 -2.0235826 -0.162244 0 P 0
L -2.0314566 0.2314568 -2.0235826 0.2314568 0 P 0
L -2.0866142 -0.492126 -2.0866142 -0.3740158 0 P 0
L -2.0866142 0.3740158 -2.0866142 0.492126 0 P 0
L -2.1259448 0.0306694 -2.1259448 0.0385434 0 P 0
L -2.1298818 0.0346064 -2.1220078 0.0346064 0 P 0
L -2.1456693 -0.4330709 -2.0275591 -0.4330709 0 P 0
L -2.1456693 0.4330709 -2.0275591 0.4330709 0 P 0
L -2.1653543 -0.0098465 -2.1653543 0.0098385 0 P 0
L -2.1653543 -0.0492165 -2.1653543 -0.0295315 0 P 0
L -2.1653543 -0.0885865 -2.1653543 -0.0689015 0 P 0
L -2.1653543 -0.1279565 -2.1653543 -0.1082715 0 P 0
L -2.1653543 -0.1673265 -2.1653543 -0.1476415 0 P 0
L -2.1653543 -0.2066965 -2.1653543 -0.1870115 0 P 0
L -2.1653543 -0.2460665 -2.1653543 -0.2263815 0 P 0
L -2.1653543 -0.2854365 -2.1653543 -0.2657515 0 P 0
L -2.1653543 -0.3248065 -2.1653543 -0.3051215 0 P 0
L -2.1653543 -0.3641765 -2.1653543 -0.3444915 0 P 0
L -2.1653543 0.0295235 -2.1653543 0.0492085 0 P 0
L -2.1653543 0.0688935 -2.1653543 0.0885785 0 P 0
L -2.1653543 0.1082635 -2.1653543 0.1279485 0 P 0
L -2.1653543 0.1476335 -2.1653543 0.1673185 0 P 0
L -2.1653543 0.1870035 -2.1653543 0.2066885 0 P 0
L -2.1653543 0.2263735 -2.1653543 0.2460585 0 P 0
L -2.1653543 0.2657435 -2.1653543 0.2854285 0 P 0
L -2.1653543 0.3051135 -2.1653543 0.3247985 0 P 0
L -2.1653543 0.3444835 -2.1653543 0.3641685 0 P 0
L -2.1751968 -0.000004 -2.1555118 -0.000004 0 P 0
L -2.1751968 -0.039374 -2.1555118 -0.039374 0 P 0
L -2.1751968 -0.078744 -2.1555118 -0.078744 0 P 0
L -2.1751968 -0.118114 -2.1555118 -0.118114 0 P 0
L -2.1751968 -0.157484 -2.1555118 -0.157484 0 P 0
L -2.1751968 -0.196854 -2.1555118 -0.196854 0 P 0
L -2.1751968 -0.236224 -2.1555118 -0.236224 0 P 0
L -2.1751968 -0.275594 -2.1555118 -0.275594 0 P 0
L -2.1751968 -0.314964 -2.1555118 -0.314964 0 P 0
L -2.1751968 -0.354334 -2.1555118 -0.354334 0 P 0
L -2.1751968 0.039366 -2.1555118 0.039366 0 P 0
L -2.1751968 0.078736 -2.1555118 0.078736 0 P 0
L -2.1751968 0.118106 -2.1555118 0.118106 0 P 0
L -2.1751968 0.157476 -2.1555118 0.157476 0 P 0
L -2.1751968 0.196846 -2.1555118 0.196846 0 P 0
L -2.1751968 0.236216 -2.1555118 0.236216 0 P 0
L -2.1751968 0.275586 -2.1555118 0.275586 0 P 0
L -2.1751968 0.314956 -2.1555118 0.314956 0 P 0
L -2.1751968 0.354326 -2.1555118 0.354326 0 P 0
L 0.0000007 -0.5216535 0.0000007 -0.5019685 0 P 0
L 0.0129921 0.1574803 0.0208661 0.1574803 0 P 0
L 0.0129921 0.4330709 0.0208661 0.4330709 0 P 0
L 0.0169291 0.1535433 0.0169291 0.1614173 0 P 0
L 0.0169291 0.4291339 0.0169291 0.4370079 0 P 0
L 0.0275591 0.643701 0.0354331 0.643701 0 P 0
L 0.0295282 -0.511811 0.0492132 -0.511811 0 P 0
L 0.0314961 0.639764 0.0314961 0.647638 0 P 0
L 0.0393707 -0.5216535 0.0393707 -0.5019685 0 P 0
L 0.0688982 -0.511811 0.0885832 -0.511811 0 P 0
L 0.0748032 0.643701 0.0826772 0.643701 0 P 0
L 0.0787402 0.639764 0.0787402 0.647638 0 P 0
L 0.0787407 -0.5216535 0.0787407 -0.5019685 0 P 0
L 0.1082682 -0.511811 0.1279532 -0.511811 0 P 0
L 0.1181107 -0.5216535 0.1181107 -0.5019685 0 P 0
L 0.1311023 0.1574803 0.1389763 0.1574803 0 P 0
L 0.1311023 0.4330709 0.1389763 0.4330709 0 P 0
L 0.1338978 -0.162244 0.1417718 -0.162244 0 P 0
L 0.1338978 0.6251576 0.1417718 0.6251576 0 P 0
L 0.1350393 0.1535433 0.1350393 0.1614173 0 P 0
L 0.1350393 0.4291339 0.1350393 0.4370079 0 P 0
L 0.1378348 -0.166181 0.1378348 -0.158307 0 P 0
L 0.1378348 0.6212206 0.1378348 0.6290946 0 P 0
L 0.1476382 -0.511811 0.1673232 -0.511811 0 P 0
L 0.1574807 -0.5216535 0.1574807 -0.5019685 0 P 0
L 0.1870082 -0.511811 0.2066932 -0.511811 0 P 0
L 0.1968507 -0.5216535 0.1968507 -0.5019685 0 P 0
L 0.2263782 -0.511811 0.2460632 -0.511811 0 P 0
L 0.232323 0.4283072 0.240197 0.4283072 0 P 0
L 0.2362207 -0.5216535 0.2362207 -0.5019685 0 P 0
L 0.23626 0.4243702 0.23626 0.4322442 0 P 0
L 0.2657482 -0.511811 0.2854332 -0.511811 0 P 0
L 0.2755907 -0.5216535 0.2755907 -0.5019685 0 P 0
L 0.3051182 -0.511811 0.3248032 -0.511811 0 P 0
L 0.3149607 -0.5216535 0.3149607 -0.5019685 0 P 0
L 0.3293309 0.0112204 0.3372049 0.0112204 0 P 0
L 0.3307482 -0.162244 0.3386222 -0.162244 0 P 0
L 0.3307482 0.2314568 0.3386222 0.2314568 0 P 0
L 0.3332679 0.0072834 0.3332679 0.0151574 0 P 0
L 0.3346852 -0.166181 0.3346852 -0.158307 0 P 0
L 0.3346852 0.2275198 0.3346852 0.2353938 0 P 0
L 0.3444882 -0.511811 0.3641732 -0.511811 0 P 0
L 0.3541337 -0.2925197 0.3620077 -0.2925197 0 P 0
L 0.3543307 -0.5216535 0.3543307 -0.5019685 0 P 0
L 0.3580707 -0.2964567 0.3580707 -0.2885827 0 P 0
L 0.3838582 -0.511811 0.4035432 -0.511811 0 P 0
L 0.3935038 -0.2244095 0.4013778 -0.2244095 0 P 0
L 0.3935038 0.0643701 0.4013778 0.0643701 0 P 0
L 0.3937007 -0.5216535 0.3937007 -0.5019685 0 P 0
L 0.3974408 -0.2283465 0.3974408 -0.2204725 0 P 0
L 0.3974408 0.0604331 0.3974408 0.0683071 0 P 0
L 0.4232282 -0.511811 0.4429132 -0.511811 0 P 0
L 0.4291339 0.3149606 0.4370079 0.3149606 0 P 0
L 0.4330707 -0.5216535 0.4330707 -0.5019685 0 P 0
L 0.4330709 0.3110236 0.4330709 0.3188976 0 P 0
L 0.4433228 0.6692914 0.4511968 0.6692914 0 P 0
L 0.4435038 0.0669291 0.4513778 0.0669291 0 P 0
L 0.4472598 0.6653544 0.4472598 0.6732284 0 P 0
L 0.4474408 0.0629921 0.4474408 0.0708661 0 P 0
L 0.4625982 -0.511811 0.4822832 -0.511811 0 P 0
L 0.4685039 -0.2586615 0.4763779 -0.2586615 0 P 0
L 0.4724407 -0.5216535 0.4724407 -0.5019685 0 P 0
L 0.4724409 -0.2625985 0.4724409 -0.2547245 0 P 0
L 0.4925354 0.6692914 0.5004094 0.6692914 0 P 0
L 0.4935038 0.0669291 0.5013778 0.0669291 0 P 0
L 0.4964724 0.6653544 0.4964724 0.6732284 0 P 0
L 0.4974408 0.0629921 0.4974408 0.0708661 0 P 0
L 0.5019682 -0.511811 0.5216532 -0.511811 0 P 0
L 0.5078737 0.3149606 0.5157477 0.3149606 0 P 0
L 0.5118107 -0.5216535 0.5118107 -0.5019685 0 P 0
L 0.5118107 0.3110236 0.5118107 0.3188976 0 P 0
L 0.5413382 -0.511811 0.5610232 -0.511811 0 P 0
L 0.5435038 -0.2244095 0.5513778 -0.2244095 0 P 0
L 0.5474408 -0.2283465 0.5474408 -0.2204725 0 P 0
L 0.5511807 -0.5216535 0.5511807 -0.5019685 0 P 0
L 0.5807082 -0.511811 0.6003932 -0.511811 0 P 0
L 0.5905507 -0.5216535 0.5905507 -0.5019685 0 P 0
L 0.5909606 0.6692914 0.5988346 0.6692914 0 P 0
L 0.5948976 0.6653544 0.5948976 0.6732284 0 P 0
L 0.6200782 -0.511811 0.6397632 -0.511811 0 P 0
L 0.6260238 0.0346064 0.6338978 0.0346064 0 P 0
L 0.6260238 0.4283072 0.6338978 0.4283072 0 P 0
L 0.6299207 -0.5216535 0.6299207 -0.5019685 0 P 0
L 0.6299608 0.0306694 0.6299608 0.0385434 0 P 0
L 0.6299608 0.4243702 0.6299608 0.4322442 0 P 0
L 0.6594482 -0.511811 0.6791332 -0.511811 0 P 0
L 0.6692907 -0.5216535 0.6692907 -0.5019685 0 P 0
L 0.6850394 0.3023622 0.6929134 0.3023622 0 P 0
L 0.6889764 0.2984252 0.6889764 0.3062992 0 P 0
L 0.6988182 -0.511811 0.7185032 -0.511811 0 P 0
L 0.7086607 -0.5216535 0.7086607 -0.5019685 0 P 0
L 0.724449 -0.162244 0.732323 -0.162244 0 P 0
L 0.724449 0.2314568 0.732323 0.2314568 0 P 0
L 0.724449 0.6251576 0.732323 0.6251576 0 P 0
L 0.728386 -0.166181 0.728386 -0.158307 0 P 0
L 0.728386 0.2275198 0.728386 0.2353938 0 P 0
L 0.728386 0.6212206 0.728386 0.6290946 0 P 0
L 0.7381882 -0.511811 0.7578732 -0.511811 0 P 0
L 0.7480307 -0.5216535 0.7480307 -0.5019685 0 P 0
L 0.7775582 -0.511811 0.7972432 -0.511811 0 P 0
L 0.7874007 -0.5216535 0.7874007 -0.5019685 0 P 0
L 0.8169282 -0.511811 0.8366132 -0.511811 0 P 0
L 0.8228742 0.0346064 0.8307482 0.0346064 0 P 0
L 0.8228742 0.4283072 0.8307482 0.4283072 0 P 0
L 0.8267707 -0.5216535 0.8267707 -0.5019685 0 P 0
L 0.8268112 0.0306694 0.8268112 0.0385434 0 P 0
L 0.8268112 0.4243702 0.8268112 0.4322442 0 P 0
L 0.8562982 -0.511811 0.8759832 -0.511811 0 P 0
L 0.8661407 -0.5216535 0.8661407 -0.5019685 0 P 0
L 0.8956668 0.511811 0.9153518 0.511811 0 P 0
L 0.8956682 -0.511811 0.9153532 -0.511811 0 P 0
L 0.9055093 0.5019685 0.9055093 0.5216535 0 P 0
L 0.9055107 -0.5216535 0.9055107 -0.5019685 0 P 0
L 0.9212994 -0.162244 0.9291734 -0.162244 0 P 0
L 0.9212994 0.2314568 0.9291734 0.2314568 0 P 0
L 0.9252364 -0.166181 0.9252364 -0.158307 0 P 0
L 0.9252364 0.2275198 0.9252364 0.2353938 0 P 0
L 0.9350368 0.511811 0.9547218 0.511811 0 P 0
L 0.9350382 -0.511811 0.9547232 -0.511811 0 P 0
L 0.9448793 0.5019685 0.9448793 0.5216535 0 P 0
L 0.9448807 -0.5216535 0.9448807 -0.5019685 0 P 0
L 0.9744068 0.511811 0.9940918 0.511811 0 P 0
L 0.9744082 -0.511811 0.9940932 -0.511811 0 P 0
L 0.9842493 0.5019685 0.9842493 0.5216535 0 P 0
L 0.9842507 -0.5216535 0.9842507 -0.5019685 0 P 0
L 1.0137768 0.511811 1.0334618 0.511811 0 P 0
L 1.0137782 -0.511811 1.0334632 -0.511811 0 P 0
L 1.0197246 0.0346064 1.0275986 0.0346064 0 P 0
L 1.0197246 0.4283072 1.0275986 0.4283072 0 P 0
L 1.0236193 0.5019685 1.0236193 0.5216535 0 P 0
L 1.0236207 -0.5216535 1.0236207 -0.5019685 0 P 0
L 1.0236616 0.0306694 1.0236616 0.0385434 0 P 0
L 1.0236616 0.4243702 1.0236616 0.4322442 0 P 0
L 1.0531468 0.511811 1.0728318 0.511811 0 P 0
L 1.0531482 -0.511811 1.0728332 -0.511811 0 P 0
L 1.0629893 0.5019685 1.0629893 0.5216535 0 P 0
L 1.0629907 -0.5216535 1.0629907 -0.5019685 0 P 0
L 1.0925168 0.511811 1.1122018 0.511811 0 P 0
L 1.0925182 -0.511811 1.1122032 -0.511811 0 P 0
L 1.1023593 0.5019685 1.1023593 0.5216535 0 P 0
L 1.1023607 -0.5216535 1.1023607 -0.5019685 0 P 0
L 1.1181498 -0.162244 1.1260238 -0.162244 0 P 0
L 1.1181498 0.2314568 1.1260238 0.2314568 0 P 0
L 1.1220868 -0.166181 1.1220868 -0.158307 0 P 0
L 1.1220868 0.2275198 1.1220868 0.2353938 0 P 0
L 1.1318868 0.511811 1.1515718 0.511811 0 P 0
L 1.1318882 -0.511811 1.1515732 -0.511811 0 P 0
L 1.1417293 0.5019685 1.1417293 0.5216535 0 P 0
L 1.1417307 -0.5216535 1.1417307 -0.5019685 0 P 0
L 1.1712568 0.511811 1.1909418 0.511811 0 P 0
L 1.1712582 -0.511811 1.1909432 -0.511811 0 P 0
L 1.1810993 0.5019685 1.1810993 0.5216535 0 P 0
L 1.1811007 -0.5216535 1.1811007 -0.5019685 0 P 0
L 1.2106268 0.511811 1.2303118 0.511811 0 P 0
L 1.2106282 -0.511811 1.2303132 -0.511811 0 P 0
L 1.216575 0.0346064 1.224449 0.0346064 0 P 0
L 1.216575 0.4283072 1.224449 0.4283072 0 P 0
L 1.2204693 0.5019685 1.2204693 0.5216535 0 P 0
L 1.2204707 -0.5216535 1.2204707 -0.5019685 0 P 0
L 1.220512 0.0306694 1.220512 0.0385434 0 P 0
L 1.220512 0.4243702 1.220512 0.4322442 0 P 0
L 1.2499968 0.511811 1.2696818 0.511811 0 P 0
L 1.2499982 -0.511811 1.2696832 -0.511811 0 P 0
L 1.2598393 0.5019685 1.2598393 0.5216535 0 P 0
L 1.2598407 -0.5216535 1.2598407 -0.5019685 0 P 0
L 1.2893668 0.511811 1.3090518 0.511811 0 P 0
L 1.2893682 -0.511811 1.3090532 -0.511811 0 P 0
L 1.2992093 0.5019685 1.2992093 0.5216535 0 P 0
L 1.2992107 -0.5216535 1.2992107 -0.5019685 0 P 0
L 1.3150002 -0.162244 1.3228742 -0.162244 0 P 0
L 1.3150002 0.2314568 1.3228742 0.2314568 0 P 0
L 1.3189372 -0.166181 1.3189372 -0.158307 0 P 0
L 1.3189372 0.2275198 1.3189372 0.2353938 0 P 0
L 1.3287368 0.511811 1.3484218 0.511811 0 P 0
L 1.3287382 -0.511811 1.3484232 -0.511811 0 P 0
L 1.3385793 0.5019685 1.3385793 0.5216535 0 P 0
L 1.3385807 -0.5216535 1.3385807 -0.5019685 0 P 0
L 1.3681068 0.511811 1.3877918 0.511811 0 P 0
L 1.3681082 -0.511811 1.3877932 -0.511811 0 P 0
L 1.3779493 0.5019685 1.3779493 0.5216535 0 P 0
L 1.3779507 -0.5216535 1.3779507 -0.5019685 0 P 0
L 1.4074768 0.511811 1.4271618 0.511811 0 P 0
L 1.4074782 -0.511811 1.4271632 -0.511811 0 P 0
L 1.4134254 0.0346064 1.4212994 0.0346064 0 P 0
L 1.4134254 0.4283072 1.4212994 0.4283072 0 P 0
L 1.4173193 0.5019685 1.4173193 0.5216535 0 P 0
L 1.4173207 -0.5216535 1.4173207 -0.5019685 0 P 0
L 1.4173624 0.0306694 1.4173624 0.0385434 0 P 0
L 1.4173624 0.4243702 1.4173624 0.4322442 0 P 0
L 1.4468468 0.511811 1.4665318 0.511811 0 P 0
L 1.4468482 -0.511811 1.4665332 -0.511811 0 P 0
L 1.4566893 0.5019685 1.4566893 0.5216535 0 P 0
L 1.4566907 -0.5216535 1.4566907 -0.5019685 0 P 0
L 1.4862168 0.511811 1.5059018 0.511811 0 P 0
L 1.4862182 -0.511811 1.5059032 -0.511811 0 P 0
L 1.4960593 0.5019685 1.4960593 0.5216535 0 P 0
L 1.4960607 -0.5216535 1.4960607 -0.5019685 0 P 0
L 1.5118506 -0.162244 1.5197246 -0.162244 0 P 0
L 1.5118506 0.2314568 1.5197246 0.2314568 0 P 0
L 1.5157876 -0.166181 1.5157876 -0.158307 0 P 0
L 1.5157876 0.2275198 1.5157876 0.2353938 0 P 0
L 1.5255868 0.511811 1.5452718 0.511811 0 P 0
L 1.5255882 -0.511811 1.5452732 -0.511811 0 P 0
L 1.5354293 0.5019685 1.5354293 0.5216535 0 P 0
L 1.5354307 -0.5216535 1.5354307 -0.5019685 0 P 0
L 1.5649568 0.511811 1.5846418 0.511811 0 P 0
L 1.5649582 -0.511811 1.5846432 -0.511811 0 P 0
L 1.5747993 0.5019685 1.5747993 0.5216535 0 P 0
L 1.5748007 -0.5216535 1.5748007 -0.5019685 0 P 0
L 1.6043282 -0.511811 1.6240132 -0.511811 0 P 0
L 1.6141707 -0.5216535 1.6141707 -0.5019685 0 P 0
L 1.6417323 -0.2192914 1.6496063 -0.2192914 0 P 0
L 1.6436982 -0.511811 1.6633832 -0.511811 0 P 0
L 1.6456693 -0.2232284 1.6456693 -0.2153544 0 P 0
L 1.6535407 -0.5216535 1.6535407 -0.5019685 0 P 0
L 1.6830668 0.511811 1.7027518 0.511811 0 P 0
L 1.6830682 -0.511811 1.7027532 -0.511811 0 P 0
L 1.6929093 0.5019685 1.6929093 0.5216535 0 P 0
L 1.6929107 -0.5216535 1.6929107 -0.5019685 0 P 0
L 1.708701 -0.162244 1.716575 -0.162244 0 P 0
L 1.712638 -0.166181 1.712638 -0.158307 0 P 0
L 1.7224368 0.511811 1.7421218 0.511811 0 P 0
L 1.7224382 -0.511811 1.7421232 -0.511811 0 P 0
L 1.7322793 0.5019685 1.7322793 0.5216535 0 P 0
L 1.7322807 -0.5216535 1.7322807 -0.5019685 0 P 0
L 1.7618068 0.511811 1.7814918 0.511811 0 P 0
L 1.7618082 -0.511811 1.7814932 -0.511811 0 P 0
L 1.7716493 0.5019685 1.7716493 0.5216535 0 P 0
L 1.7716507 -0.5216535 1.7716507 -0.5019685 0 P 0
L 1.8011768 0.511811 1.8208618 0.511811 0 P 0
L 1.8011782 -0.511811 1.8208632 -0.511811 0 P 0
L 1.8071262 -0.3590944 1.8150002 -0.3590944 0 P 0
L 1.8071262 0.0346064 1.8150002 0.0346064 0 P 0
L 1.8071262 0.4283072 1.8150002 0.4283072 0 P 0
L 1.8110193 0.5019685 1.8110193 0.5216535 0 P 0
L 1.8110207 -0.5216535 1.8110207 -0.5019685 0 P 0
L 1.8110632 -0.3630314 1.8110632 -0.3551574 0 P 0
L 1.8110632 0.0306694 1.8110632 0.0385434 0 P 0
L 1.8110632 0.4243702 1.8110632 0.4322442 0 P 0
L 1.8405468 0.511811 1.8602318 0.511811 0 P 0
L 1.8405482 -0.511811 1.8602332 -0.511811 0 P 0
L 1.8503893 0.5019685 1.8503893 0.5216535 0 P 0
L 1.8503907 -0.5216535 1.8503907 -0.5019685 0 P 0
L 1.8799168 0.511811 1.8996018 0.511811 0 P 0
L 1.8799182 -0.511811 1.8996032 -0.511811 0 P 0
L 1.8897593 0.5019685 1.8897593 0.5216535 0 P 0
L 1.8897607 -0.5216535 1.8897607 -0.5019685 0 P 0
L 1.9055514 -0.162244 1.9134254 -0.162244 0 P 0
L 1.9055514 0.2314568 1.9134254 0.2314568 0 P 0
L 1.9094884 -0.166181 1.9094884 -0.158307 0 P 0
L 1.9094884 0.2275198 1.9094884 0.2353938 0 P 0
L 1.9192868 0.511811 1.9389718 0.511811 0 P 0
L 1.9192882 -0.511811 1.9389732 -0.511811 0 P 0
L 1.9291293 0.5019685 1.9291293 0.5216535 0 P 0
L 1.9291307 -0.5216535 1.9291307 -0.5019685 0 P 0
L 1.9586568 0.511811 1.9783418 0.511811 0 P 0
L 1.9586582 -0.511811 1.9783432 -0.511811 0 P 0
L 1.9684993 0.5019685 1.9684993 0.5216535 0 P 0
L 1.9685007 -0.5216535 1.9685007 -0.5019685 0 P 0
L 1.9980268 0.511811 2.0177118 0.511811 0 P 0
L 1.9980282 -0.511811 2.0177132 -0.511811 0 P 0
L 2.0039766 0.0346064 2.0118506 0.0346064 0 P 0
L 2.0078693 0.5019685 2.0078693 0.5216535 0 P 0
L 2.0078707 -0.5216535 2.0078707 -0.5019685 0 P 0
L 2.0079136 0.0306694 2.0079136 0.0385434 0 P 0
L 2.0275591 -0.4330709 2.1456693 -0.4330709 0 P 0
L 2.0275591 0.4330709 2.1456693 0.4330709 0 P 0
L 2.0866142 -0.492126 2.0866142 -0.3740158 0 P 0
L 2.0866142 0.3740158 2.0866142 0.492126 0 P 0
L 2.1024018 -0.162244 2.1102758 -0.162244 0 P 0
L 2.1024018 0.2314568 2.1102758 0.2314568 0 P 0
L 2.1063388 -0.166181 2.1063388 -0.158307 0 P 0
L 2.1063388 0.2275198 2.1063388 0.2353938 0 P 0
L 2.1555118 -0.039366 2.1751968 -0.039366 0 P 0
L 2.1555118 -0.078736 2.1751968 -0.078736 0 P 0
L 2.1555118 -0.118106 2.1751968 -0.118106 0 P 0
L 2.1555118 -0.157476 2.1751968 -0.157476 0 P 0
L 2.1555118 -0.196846 2.1751968 -0.196846 0 P 0
L 2.1555118 -0.236216 2.1751968 -0.236216 0 P 0
L 2.1555118 -0.275586 2.1751968 -0.275586 0 P 0
L 2.1555118 -0.314956 2.1751968 -0.314956 0 P 0
L 2.1555118 -0.354326 2.1751968 -0.354326 0 P 0
L 2.1555118 0.000004 2.1751968 0.000004 0 P 0
L 2.1555118 0.039374 2.1751968 0.039374 0 P 0
L 2.1555118 0.078744 2.1751968 0.078744 0 P 0
L 2.1555118 0.118114 2.1751968 0.118114 0 P 0
L 2.1555118 0.157484 2.1751968 0.157484 0 P 0
L 2.1555118 0.196854 2.1751968 0.196854 0 P 0
L 2.1555118 0.236224 2.1751968 0.236224 0 P 0
L 2.1555118 0.275594 2.1751968 0.275594 0 P 0
L 2.1555118 0.314964 2.1751968 0.314964 0 P 0
L 2.1555118 0.354334 2.1751968 0.354334 0 P 0
L 2.1653543 -0.0098385 2.1653543 0.0098465 0 P 0
L 2.1653543 -0.0492085 2.1653543 -0.0295235 0 P 0
L 2.1653543 -0.0885785 2.1653543 -0.0688935 0 P 0
L 2.1653543 -0.1279485 2.1653543 -0.1082635 0 P 0
L 2.1653543 -0.1673185 2.1653543 -0.1476335 0 P 0
L 2.1653543 -0.2066885 2.1653543 -0.1870035 0 P 0
L 2.1653543 -0.2460585 2.1653543 -0.2263735 0 P 0
L 2.1653543 -0.2854285 2.1653543 -0.2657435 0 P 0
L 2.1653543 -0.3247985 2.1653543 -0.3051135 0 P 0
L 2.1653543 -0.3641685 2.1653543 -0.3444835 0 P 0
L 2.1653543 0.0295315 2.1653543 0.0492165 0 P 0
L 2.1653543 0.0689015 2.1653543 0.0885865 0 P 0
L 2.1653543 0.1082715 2.1653543 0.1279565 0 P 0
L 2.1653543 0.1476415 2.1653543 0.1673265 0 P 0
L 2.1653543 0.1870115 2.1653543 0.2066965 0 P 0
L 2.1653543 0.2263815 2.1653543 0.2460665 0 P 0
L 2.1653543 0.2657515 2.1653543 0.2854365 0 P 0
L 2.1653543 0.3051215 2.1653543 0.3248065 0 P 0
L 2.1653543 0.3444915 2.1653543 0.3641765 0 P 0
