#Layer_Color=9474304
#
#Feature symbol names
#
$0 r5

#
#Feature attribute names
#

#
#Layer features
#
L 0.0295275 0.2755834 0.0492125 0.2755834 0 P 0
L 0.0295275 0.3149534 0.0492125 0.3149534 0 P 0
L 0.0295275 0.3543234 0.0492125 0.3543234 0 P 0
L 0.0295275 0.3936934 0.0492125 0.3936934 0 P 0
L 0.0295275 0.4330634 0.0492125 0.4330634 0 P 0
L 0.0295275 0.4724334 0.0492125 0.4724334 0 P 0
L 0.0295275 0.5118034 0.0492125 0.5118034 0 P 0
L 0.0295275 0.5511734 0.0492125 0.5511734 0 P 0
L 0.0295275 0.5905434 0.0492125 0.5905434 0 P 0
L 0.0295275 0.6299134 0.0492125 0.6299134 0 P 0
L 0.0295275 0.6692834 0.0492125 0.6692834 0 P 0
L 0.0295275 0.7086534 0.0492125 0.7086534 0 P 0
L 0.0295275 0.7480234 0.0492125 0.7480234 0 P 0
L 0.0295275 0.7873934 0.0492125 0.7873934 0 P 0
L 0.0295275 0.8267634 0.0492125 0.8267634 0 P 0
L 0.0295275 0.8661334 0.0492125 0.8661334 0 P 0
L 0.0295275 0.9055034 0.0492125 0.9055034 0 P 0
L 0.0295275 0.9448734 0.0492125 0.9448734 0 P 0
L 0.0295275 0.9842434 0.0492125 0.9842434 0 P 0
L 0.0295275 1.0236134 0.0492125 1.0236134 0 P 0
L 0.0295275 1.0629834 0.0492125 1.0629834 0 P 0
L 0.0295275 1.1023534 0.0492125 1.1023534 0 P 0
L 0.0295275 1.1417234 0.0492125 1.1417234 0 P 0
L 0.0295275 1.1810934 0.0492125 1.1810934 0 P 0
L 0.0295275 1.2204634 0.0492125 1.2204634 0 P 0
L 0.0295275 1.2598334 0.0492125 1.2598334 0 P 0
L 0.0295275 1.2992034 0.0492125 1.2992034 0 P 0
L 0.0295275 1.3385734 0.0492125 1.3385734 0 P 0
L 0.0295275 1.3779434 0.0492125 1.3779434 0 P 0
L 0.0295275 1.4173134 0.0492125 1.4173134 0 P 0
L 0.0295275 1.4566834 0.0492125 1.4566834 0 P 0
L 0.0295275 1.4960534 0.0492125 1.4960534 0 P 0
L 0.0295275 1.5354234 0.0492125 1.5354234 0 P 0
L 0.03937 0.2657409 0.03937 0.2854259 0 P 0
L 0.03937 0.3051109 0.03937 0.3247959 0 P 0
L 0.03937 0.3444809 0.03937 0.3641659 0 P 0
L 0.03937 0.3838509 0.03937 0.4035359 0 P 0
L 0.03937 0.4232209 0.03937 0.4429059 0 P 0
L 0.03937 0.4625909 0.03937 0.4822759 0 P 0
L 0.03937 0.5019609 0.03937 0.5216459 0 P 0
L 0.03937 0.5413309 0.03937 0.5610159 0 P 0
L 0.03937 0.5807009 0.03937 0.6003859 0 P 0
L 0.03937 0.6200709 0.03937 0.6397559 0 P 0
L 0.03937 0.6594409 0.03937 0.6791259 0 P 0
L 0.03937 0.6988109 0.03937 0.7184959 0 P 0
L 0.03937 0.7381809 0.03937 0.7578659 0 P 0
L 0.03937 0.7775509 0.03937 0.7972359 0 P 0
L 0.03937 0.8169209 0.03937 0.8366059 0 P 0
L 0.03937 0.8562909 0.03937 0.8759759 0 P 0
L 0.03937 0.8956609 0.03937 0.9153459 0 P 0
L 0.03937 0.9350309 0.03937 0.9547159 0 P 0
L 0.03937 0.9744009 0.03937 0.9940859 0 P 0
L 0.03937 1.0137709 0.03937 1.0334559 0 P 0
L 0.03937 1.0531409 0.03937 1.0728259 0 P 0
L 0.03937 1.0925109 0.03937 1.1121959 0 P 0
L 0.03937 1.1318809 0.03937 1.1515659 0 P 0
L 0.03937 1.1712509 0.03937 1.1909359 0 P 0
L 0.03937 1.2106209 0.03937 1.2303059 0 P 0
L 0.03937 1.2499909 0.03937 1.2696759 0 P 0
L 0.03937 1.2893609 0.03937 1.3090459 0 P 0
L 0.03937 1.3287309 0.03937 1.3484159 0 P 0
L 0.03937 1.3681009 0.03937 1.3877859 0 P 0
L 0.03937 1.4074709 0.03937 1.4271559 0 P 0
L 0.03937 1.4468409 0.03937 1.4665259 0 P 0
L 0.03937 1.4862109 0.03937 1.5058959 0 P 0
L 0.03937 1.5255809 0.03937 1.5452659 0 P 0
L 0.0393701 1.5748031 0.0590551 1.5748031 0 P 0
L 0.0492126 1.5649606 0.0492126 1.5846456 0 P 0
L 0.0688977 1.6043307 0.0885827 1.6043307 0 P 0
L 0.0787402 1.5944882 0.0787402 1.6141732 0 P 0
L 0.111063 0.3 0.118937 0.3 0 P 0
L 0.115 0.296063 0.115 0.303937 0 P 0
L 0.136063 0.545 0.143937 0.545 0 P 0
L 0.14 0.541063 0.14 0.548937 0 P 0
L 0.141063 0.775 0.148937 0.775 0 P 0
L 0.145 0.771063 0.145 0.778937 0 P 0
L 0.1557087 0.2165354 0.1635827 0.2165354 0 P 0
L 0.1557087 0.3937007 0.1635827 0.3937007 0 P 0
L 0.1596457 0.2125984 0.1596457 0.2204724 0 P 0
L 0.1596457 0.3897637 0.1596457 0.3976377 0 P 0
L 0.1732283 0.9370077 0.1811023 0.9370077 0 P 0
L 0.176063 0.89 0.183937 0.89 0 P 0
L 0.176063 1.475 0.183937 1.475 0 P 0
L 0.1771653 0.9330707 0.1771653 0.9409447 0 P 0
L 0.18 0.886063 0.18 0.893937 0 P 0
L 0.18 1.471063 0.18 1.478937 0 P 0
L 0.1889764 0.8425195 0.1968504 0.8425195 0 P 0
L 0.1929134 0.8385825 0.1929134 0.8464565 0 P 0
L 0.2049213 0.2165356 0.2127953 0.2165356 0 P 0
L 0.2049213 0.3937007 0.2127953 0.3937007 0 P 0
L 0.2088583 0.2125986 0.2088583 0.2204726 0 P 0
L 0.2088583 0.3897637 0.2088583 0.3976377 0 P 0
L 0.246063 1.075 0.253937 1.075 0 P 0
L 0.25 1.071063 0.25 1.078937 0 P 0
L 0.256063 0.39 0.263937 0.39 0 P 0
L 0.26 0.386063 0.26 0.393937 0 P 0
L 0.2673071 1.503937 0.2751811 1.503937 0 P 0
L 0.2712441 1.5 0.2712441 1.507874 0 P 0
L 0.2716537 0.7165355 0.2795277 0.7165355 0 P 0
L 0.2716537 0.7480315 0.2795277 0.7480315 0 P 0
L 0.2735263 0.8717428 0.2814003 0.8717428 0 P 0
L 0.2755907 0.7125985 0.2755907 0.7204725 0 P 0
L 0.2755907 0.7440945 0.2755907 0.7519685 0 P 0
L 0.276063 0.275 0.283937 0.275 0 P 0
L 0.2774633 0.8678058 0.2774633 0.8756798 0 P 0
L 0.2795275 1.0433071 0.2874015 1.0433071 0 P 0
L 0.2795277 0.6074802 0.2874017 0.6074802 0 P 0
L 0.28 0.271063 0.28 0.278937 0 P 0
L 0.2834645 1.0393701 0.2834645 1.0472441 0 P 0
L 0.2834647 0.6035432 0.2834647 0.6114172 0 P 0
L 0.306063 0.76 0.313937 0.76 0 P 0
L 0.31 0.756063 0.31 0.763937 0 P 0
L 0.3110235 1.0433071 0.3188975 1.0433071 0 P 0
L 0.3110237 0.6074802 0.3188977 0.6074802 0 P 0
L 0.3147639 0.8759843 0.3226379 0.8759843 0 P 0
L 0.3149605 1.0393701 0.3149605 1.0472441 0 P 0
L 0.3149607 0.6035432 0.3149607 0.6114172 0 P 0
L 0.31537 1.503937 0.323244 1.503937 0 P 0
L 0.3187009 0.8720473 0.3187009 0.8799213 0 P 0
L 0.319307 1.5 0.319307 1.507874 0 P 0
L 0.341063 0.57 0.348937 0.57 0 P 0
L 0.341063 0.8 0.348937 0.8 0 P 0
L 0.341063 1.535 0.348937 1.535 0 P 0
L 0.3425196 1.0433071 0.3503936 1.0433071 0 P 0
L 0.3425198 0.6074802 0.3503938 0.6074802 0 P 0
L 0.345 0.566063 0.345 0.573937 0 P 0
L 0.345 0.796063 0.345 0.803937 0 P 0
L 0.345 1.531063 0.345 1.538937 0 P 0
L 0.3464566 1.0393701 0.3464566 1.0472441 0 P 0
L 0.3464568 0.6035432 0.3464568 0.6114172 0 P 0
L 0.3479035 0.3765656 0.3557775 0.3765656 0 P 0
L 0.3518405 0.3726286 0.3518405 0.3805026 0 P 0
L 0.3582675 0.4322835 0.3661415 0.4322835 0 P 0
L 0.3622045 0.4283465 0.3622045 0.4362205 0 P 0
L 0.3645826 1.503937 0.3724566 1.503937 0 P 0
L 0.3647639 0.8759843 0.3726379 0.8759843 0 P 0
L 0.3685196 1.5 0.3685196 1.507874 0 P 0
L 0.3687009 0.8720473 0.3687009 0.8799213 0 P 0
L 0.3740157 1.0433071 0.3818897 1.0433071 0 P 0
L 0.3752757 1.3150001 0.3831497 1.3150001 0 P 0
L 0.3779527 1.0393701 0.3779527 1.0472441 0 P 0
L 0.3792127 1.3110631 0.3792127 1.3189371 0 P 0
L 0.391063 0.045 0.398937 0.045 0 P 0
L 0.391063 0.19 0.398937 0.19 0 P 0
L 0.395 0.041063 0.395 0.048937 0 P 0
L 0.395 0.186063 0.395 0.193937 0 P 0
L 0.4055117 1.0433071 0.4133857 1.0433071 0 P 0
L 0.4094487 1.0393701 0.4094487 1.0472441 0 P 0
L 0.4137952 1.503937 0.4216692 1.503937 0 P 0
L 0.4147639 0.8759843 0.4226379 0.8759843 0 P 0
L 0.4177322 1.5 0.4177322 1.507874 0 P 0
L 0.4187009 0.8720473 0.4187009 0.8799213 0 P 0
L 0.426063 0.38 0.433937 0.38 0 P 0
L 0.43 0.376063 0.43 0.383937 0 P 0
L 0.431063 0.26 0.438937 0.26 0 P 0
L 0.435 0.256063 0.435 0.263937 0 P 0
L 0.4370078 0.7114174 0.4448818 0.7114174 0 P 0
L 0.437008 0.5511811 0.444882 0.5511811 0 P 0
L 0.4409448 0.7074804 0.4409448 0.7153544 0 P 0
L 0.440945 0.5472441 0.440945 0.5551181 0 P 0
L 0.441063 0.765 0.448937 0.765 0 P 0
L 0.441063 1.385 0.448937 1.385 0 P 0
L 0.445 0.761063 0.445 0.768937 0 P 0
L 0.445 1.381063 0.445 1.388937 0 P 0
L 0.4630078 1.503937 0.4708818 1.503937 0 P 0
L 0.4647639 0.8759843 0.4726379 0.8759843 0 P 0
L 0.4669448 1.5 0.4669448 1.507874 0 P 0
L 0.4685039 0.7114174 0.4763779 0.7114174 0 P 0
L 0.4687009 0.8720473 0.4687009 0.8799213 0 P 0
L 0.4724409 0.7074804 0.4724409 0.7153544 0 P 0
L 0.4872047 1.1740159 0.4950787 1.1740159 0 P 0
L 0.4911417 1.1700789 0.4911417 1.1779529 0 P 0
L 0.4999999 0.7114174 0.5078739 0.7114174 0 P 0
L 0.5039369 0.7074804 0.5039369 0.7153544 0 P 0
L 0.511063 0.91 0.518937 0.91 0 P 0
L 0.515 0.906063 0.515 0.913937 0 P 0
L 0.536063 0.625 0.543937 0.625 0 P 0
L 0.536063 1.035 0.543937 1.035 0 P 0
L 0.536063 1.53 0.543937 1.53 0 P 0
L 0.54 0.621063 0.54 0.628937 0 P 0
L 0.54 1.031063 0.54 1.038937 0 P 0
L 0.54 1.526063 0.54 1.533937 0 P 0
L 0.546063 0.54 0.553937 0.54 0 P 0
L 0.546063 1.165 0.553937 1.165 0 P 0
L 0.55 0.536063 0.55 0.543937 0 P 0
L 0.55 1.161063 0.55 1.168937 0 P 0
L 0.5614331 1.4566928 0.5693071 1.4566928 0 P 0
L 0.5653701 1.4527558 0.5653701 1.4606298 0 P 0
L 0.5746063 0.2165354 0.5824803 0.2165354 0 P 0
L 0.5746063 0.3937007 0.5824803 0.3937007 0 P 0
L 0.5785433 0.2125984 0.5785433 0.2204724 0 P 0
L 0.5785433 0.3897637 0.5785433 0.3976377 0 P 0
L 0.5885828 1.1442912 0.5964568 1.1442912 0 P 0
L 0.5925198 1.1403542 0.5925198 1.1482282 0 P 0
L 0.6090553 0.8425196 0.6169293 0.8425196 0 P 0
L 0.6129923 0.8385826 0.6129923 0.8464566 0 P 0
L 0.6238189 0.2165355 0.6316929 0.2165355 0 P 0
L 0.6238189 0.3937007 0.6316929 0.3937007 0 P 0
L 0.6277559 0.2125985 0.6277559 0.2204725 0 P 0
L 0.6277559 0.3897637 0.6277559 0.3976377 0 P 0
L 0.663386 1.1442912 0.67126 1.1442912 0 P 0
L 0.667323 1.1403542 0.667323 1.1482282 0 P 0
L 0.671063 1.4 0.678937 1.4 0 P 0
L 0.675 1.396063 0.675 1.403937 0 P 0
L 0.6988189 1.6043307 0.7185039 1.6043307 0 P 0
L 0.7086614 1.5944882 0.7086614 1.6141732 0 P 0
L 0.726378 1.5748031 0.746063 1.5748031 0 P 0
L 0.7362205 1.5649606 0.7362205 1.5846456 0 P 0
L 0.7381889 0.2716464 0.7578739 0.2716464 0 P 0
L 0.7381889 0.3110164 0.7578739 0.3110164 0 P 0
L 0.7381889 0.3503864 0.7578739 0.3503864 0 P 0
L 0.7381889 0.3897564 0.7578739 0.3897564 0 P 0
L 0.7381889 0.4291264 0.7578739 0.4291264 0 P 0
L 0.7381889 0.4684964 0.7578739 0.4684964 0 P 0
L 0.7381889 0.5078664 0.7578739 0.5078664 0 P 0
L 0.7381889 0.5472364 0.7578739 0.5472364 0 P 0
L 0.7381889 0.5866064 0.7578739 0.5866064 0 P 0
L 0.7381889 0.6259764 0.7578739 0.6259764 0 P 0
L 0.7381889 0.6653464 0.7578739 0.6653464 0 P 0
L 0.7381889 0.7047164 0.7578739 0.7047164 0 P 0
L 0.7381889 0.7440864 0.7578739 0.7440864 0 P 0
L 0.7381889 0.7834564 0.7578739 0.7834564 0 P 0
L 0.7381889 0.8228264 0.7578739 0.8228264 0 P 0
L 0.7381889 0.8621964 0.7578739 0.8621964 0 P 0
L 0.7381889 0.9015664 0.7578739 0.9015664 0 P 0
L 0.7381889 0.9409364 0.7578739 0.9409364 0 P 0
L 0.7381889 0.9803064 0.7578739 0.9803064 0 P 0
L 0.7381889 1.0196764 0.7578739 1.0196764 0 P 0
L 0.7381889 1.0590464 0.7578739 1.0590464 0 P 0
L 0.7381889 1.0984164 0.7578739 1.0984164 0 P 0
L 0.7381889 1.1377864 0.7578739 1.1377864 0 P 0
L 0.7381889 1.1771564 0.7578739 1.1771564 0 P 0
L 0.7381889 1.2165264 0.7578739 1.2165264 0 P 0
L 0.7381889 1.2558964 0.7578739 1.2558964 0 P 0
L 0.7381889 1.2952664 0.7578739 1.2952664 0 P 0
L 0.7381889 1.3346364 0.7578739 1.3346364 0 P 0
L 0.7381889 1.3740064 0.7578739 1.3740064 0 P 0
L 0.7381889 1.4133764 0.7578739 1.4133764 0 P 0
L 0.7381889 1.4527464 0.7578739 1.4527464 0 P 0
L 0.7381889 1.4921164 0.7578739 1.4921164 0 P 0
L 0.7381889 1.5314864 0.7578739 1.5314864 0 P 0
L 0.7480314 0.2618039 0.7480314 0.2814889 0 P 0
L 0.7480314 0.3011739 0.7480314 0.3208589 0 P 0
L 0.7480314 0.3405439 0.7480314 0.3602289 0 P 0
L 0.7480314 0.3799139 0.7480314 0.3995989 0 P 0
L 0.7480314 0.4192839 0.7480314 0.4389689 0 P 0
L 0.7480314 0.4586539 0.7480314 0.4783389 0 P 0
L 0.7480314 0.4980239 0.7480314 0.5177089 0 P 0
L 0.7480314 0.5373939 0.7480314 0.5570789 0 P 0
L 0.7480314 0.5767639 0.7480314 0.5964489 0 P 0
L 0.7480314 0.6161339 0.7480314 0.6358189 0 P 0
L 0.7480314 0.6555039 0.7480314 0.6751889 0 P 0
L 0.7480314 0.6948739 0.7480314 0.7145589 0 P 0
L 0.7480314 0.7342439 0.7480314 0.7539289 0 P 0
L 0.7480314 0.7736139 0.7480314 0.7932989 0 P 0
L 0.7480314 0.8129839 0.7480314 0.8326689 0 P 0
L 0.7480314 0.8523539 0.7480314 0.8720389 0 P 0
L 0.7480314 0.8917239 0.7480314 0.9114089 0 P 0
L 0.7480314 0.9310939 0.7480314 0.9507789 0 P 0
L 0.7480314 0.9704639 0.7480314 0.9901489 0 P 0
L 0.7480314 1.0098339 0.7480314 1.0295189 0 P 0
L 0.7480314 1.0492039 0.7480314 1.0688889 0 P 0
L 0.7480314 1.0885739 0.7480314 1.1082589 0 P 0
L 0.7480314 1.1279439 0.7480314 1.1476289 0 P 0
L 0.7480314 1.1673139 0.7480314 1.1869989 0 P 0
L 0.7480314 1.2066839 0.7480314 1.2263689 0 P 0
L 0.7480314 1.2460539 0.7480314 1.2657389 0 P 0
L 0.7480314 1.2854239 0.7480314 1.3051089 0 P 0
L 0.7480314 1.3247939 0.7480314 1.3444789 0 P 0
L 0.7480314 1.3641639 0.7480314 1.3838489 0 P 0
L 0.7480314 1.4035339 0.7480314 1.4232189 0 P 0
L 0.7480314 1.4429039 0.7480314 1.4625889 0 P 0
L 0.7480314 1.4822739 0.7480314 1.5019589 0 P 0
L 0.7480314 1.5216439 0.7480314 1.5413289 0 P 0
